chrysalis-perf-study/v2-narrm-wccase-chrysalis-r1-timers/v2-narrm-wccase-chrysalis-r1.WCYCL20TR.northamericax4v1pg2_WC14to60E2r3.T-model_timing_stats
"CPL:RUN_LOOP"                                   -       1024     1024 4.423680e+06   9.062450e+06  8851.272 (     0      0)  8846.753 (   970      0)
"CPL:RUN"                                        -       1024     1024 6.193075e+07   1.294630e+05   189.510 (     2      0)     0.015 (   803      0)
"CPL:ICE_RUN"                                    -        720      720 3.110400e+06   5.642668e+05   917.126 (   502      0)   766.585 (   559      0)
"CPL:LND_RUN"                                    -        768      768 3.317760e+06   1.980723e+04    49.150 (   762      0)    18.302 (   671      0)
"CPL:ROF_RUN"                                    -        768      768 5.529600e+05   4.936325e+04   187.143 (   725      0)    34.131 (   502      0)
"CPL:ATM_RUN"                                    -        768      768 3.317760e+06   5.657534e+06  7478.016 (     0      0)  7293.995 (   127      0)
"CPL:OCN_RUN"                                    -        256      256 1.105664e+06   2.159434e+06  8480.813 (   781      0)  8266.332 (   979      0)
"a:CAM_run2"                                     -        768      768 3.318528e+06   5.665497e+05   749.490 (   461      0)   715.439 (   651      0)
"a:CAM_run3"                                     -        768      768 3.318528e+06   3.045808e+06  3986.380 (     5      0)  3954.231 (   316      0)
"a:PAT_remap"                                    -        768      768 1.327411e+07   1.132541e+06  1498.581 (   612      0)  1420.384 (   705      0)
"a:CAM_run4"                                     -        768      768 3.318528e+06   1.270428e+04    19.854 (   765      0)    13.999 (    87      0)
"a:CAM_run1"                                     -        768      768 3.318528e+06   2.031972e+06  2748.484 (     0      0)  2571.333 (   127      0)
chrysalis-perf-study/v2-narrm-wccase-chrysalis-r1-timers/v2-narrm-wccase-chrysalis-r1.WCYCL20TR.ne30pg2_EC30to60E2r2.XS-model_timing_stats
"CPL:RUN_LOOP"                                   -        896      896 3.870720e+06   2.372059e+06  2647.761 (     0      0)  2646.433 (   705      0)
"CPL:RUN"                                        -        896      896 5.658554e+07   1.082927e+05   297.422 (   702      0)     0.021 (   733      0)
"CPL:ICE_RUN"                                    -        640      640 2.764800e+06   3.214683e+05   594.136 (   157      0)   496.331 (   433      0)
"CPL:ATM_RUN"                                    -        675      675 2.916000e+06   1.219279e+06  1835.436 (   388      0)  1731.817 (   674      0)
"CPL:LND_RUN"                                    -         64       64 2.764800e+05   5.442893e+03    97.339 (   648      0)    72.667 (   684      0)
"CPL:ROF_RUN"                                    -         64       64 4.608000e+04   1.038280e+03    18.285 (   684      0)    14.299 (   648      0)
"CPL:OCN_RUN"                                    -        192      192 8.292480e+05   4.281564e+05  2255.511 (   769      0)  2171.190 (   890      0)
"a:CAM_run2"                                     -        675      675 2.916675e+06   2.040228e+05   308.365 (   452      0)   289.133 (   673      0)
"a:CAM_run3"                                     -        675      675 2.916675e+06   2.410480e+05   365.618 (   673      0)   352.245 (   521      0)
"a:PAT_remap"                                    -        675      675 2.916675e+06   9.551723e+04   145.180 (   193      0)   135.606 (   316      0)
"a:CAM_run4"                                     -        675      675 2.916675e+06   6.305507e+03    10.432 (   316      0)     8.549 (   451      0)
"a:CAM_run1"                                     -        675      675 2.916675e+06   7.675777e+05  1167.020 (   387      0)  1065.258 (   674      0)
chrysalis-perf-study/v2-narrm-wccase-chrysalis-r1-timers/v2-narrm-wccase-chrysalis-r1.WCYCL20TR.northamericax4v1pg2_WC14to60E2r3.XS-model_timing_stats
"CPL:RUN_LOOP"                                   -       2560     2560 1.105920e+07   9.686721e+06  3785.007 (   256      0)  3780.741 (  2311      0)
"CPL:RUN"                                        -       2560     2560 1.548269e+08   2.975298e+05   175.786 (     8      0)     0.015 (  1993      0)
"CPL:ICE_RUN"                                    -       1920     1920 8.294400e+06   6.588649e+05   393.966 (   503      0)   336.112 (   510      0)
"CPL:LND_RUN"                                    -       1920     1920 8.294400e+06   2.857105e+04    18.160 (   695      0)    10.682 (   548      0)
"CPL:ROF_RUN"                                    -       1920     1920 1.382400e+06   4.390437e+04    26.398 (   635      0)    14.849 (   362      0)
"CPL:ATM_RUN"                                    -       1920     1920 8.294400e+06   5.819241e+06  3093.798 (   196      0)  2993.527 (   288      0)
"CPL:OCN_RUN"                                    -        640      640 2.764160e+06   2.128853e+06  3346.801 (  2215      0)  3243.606 (  2447      0)
"a:CAM_run2"                                     -       1920     1920 8.296320e+06   5.495355e+05   296.389 (   331      0)   271.593 (  1080      0)
"a:CAM_run3"                                     -       1920     1920 8.296320e+06   3.152468e+06  1651.332 (  1024      0)  1635.865 (   418      0)
"a:PAT_remap"                                    -       1920     1920 3.318528e+07   1.101671e+06   595.516 (   122      0)   544.168 (  1035      0)
"a:CAM_run4"                                     -       1920     1920 8.296320e+06   2.416535e+04    14.464 (  1277      0)    10.784 (   125      0)
"a:CAM_run1"                                     -       1920     1920 8.296320e+06   2.092092e+06  1151.899 (  1093      0)  1048.136 (   288      0)
chrysalis-perf-study/v2-narrm-wccase-chrysalis-r1-timers/v2-narrm-wccase-chrysalis-r1.WCYCL20TR.ne30pg2_EC30to60E2r2.S-model_timing_stats
"CPL:RUN_LOOP"                                   -       1792     1792 7.741440e+06   2.531771e+06  1413.259 (     0      0)  1411.554 (  1617      0)
"CPL:RUN"                                        -       1792     1792 1.131711e+08   1.642980e+05   169.279 (  1404      0)     0.013 (  1473      0)
"CPL:ICE_RUN"                                    -       1344     1344 5.806080e+06   3.707066e+05   322.029 (   560      0)   272.747 (   957      0)
"CPL:ATM_RUN"                                    -       1350     1350 5.832000e+06   1.241652e+06   938.864 (   915      0)   898.693 (  1349      0)
"CPL:LND_RUN"                                    -         64       64 2.764800e+05   5.432823e+03    97.194 (  1351      0)    73.043 (  1388      0)
"CPL:ROF_RUN"                                    -         64       64 4.608000e+04   1.281304e+03    21.791 (  1373      0)    18.289 (  1394      0)
"CPL:OCN_RUN"                                    -        384      384 1.658496e+06   4.370228e+05  1151.678 (  1480      0)  1090.607 (  1621      0)
"a:CAM_run2"                                     -       1350     1350 5.833350e+06   2.031955e+05   152.856 (  1279      0)   148.092 (   124      0)
"a:CAM_run3"                                     -       1350     1350 5.833350e+06   2.389603e+05   179.773 (   304      0)   174.283 (  1075      0)
"a:PAT_remap"                                    -       1350     1350 5.833350e+06   8.879064e+04    68.091 (   317      0)    62.879 (    69      0)
"a:CAM_run4"                                     -       1350     1350 5.833350e+06   1.120628e+04     8.862 (  1077      0)     7.830 (   992      0)
"a:CAM_run1"                                     -       1350     1350 5.833350e+06   7.876636e+05   603.022 (   915      0)   563.116 (  1349      0)
chrysalis-perf-study/v2-narrm-wccase-chrysalis-r1-timers/v2-narrm-wccase-chrysalis-r1.WCYCL20TR.northamericax4v1pg2_WC14to60E2r3.S-model_timing_stats
"CPL:RUN_LOOP"                                   -       3824     3824 1.651968e+07   1.025715e+07  2683.437 (     0      0)  2678.681 (  3548      0)
"CPL:RUN"                                        -       3824     3824 2.369635e+08   3.542662e+05   129.426 (  2691      0)     0.011 (  2945      0)
"CPL:ICE_RUN"                                    -       2880     2880 1.244160e+07   7.481546e+05   304.770 (  2600      0)   250.925 (   613      0)
"CPL:LND_RUN"                                    -        512      512 2.211840e+06   1.672684e+04    37.401 (   213      0)    27.276 (   483      0)
"CPL:ATM_RUN"                                    -       2944     2944 1.271808e+07   5.854249e+06  2019.983 (  2939      0)  1954.819 (  2813      0)
"CPL:ROF_RUN"                                    -       2048     2048 1.474560e+06   4.368712e+04    21.904 (  1744      0)    14.989 (  2206      0)
"CPL:OCN_RUN"                                    -        880      880 3.800720e+06   2.241490e+06  2563.467 (  2945      0)  2486.735 (  3685      0)
"a:CAM_run2"                                     -       2944     2944 1.272102e+07   5.664692e+05   197.126 (  1408      0)   179.065 (  2807      0)
"a:CAM_run3"                                     -       2944     2944 1.272102e+07   3.052750e+06  1041.388 (   157      0)  1033.654 (  2488      0)
"a:PAT_remap"                                    -       2944     2944 5.088410e+07   9.959551e+05   354.556 (  2362      0)   315.609 (  1593      0)
"a:CAM_run4"                                     -       2944     2944 1.272102e+07   3.801476e+04    15.395 (  2816      0)    12.115 (    93      0)
"a:CAM_run1"                                     -       2944     2944 1.272102e+07   2.195511e+06   783.544 (  2937      0)   714.162 (   311      0)
chrysalis-perf-study/v2-narrm-wccase-chrysalis-r1-timers/v2-narrm-wccase-chrysalis-r1.WCYCL20TR.ne30pg2_EC30to60E2r2.M-model_timing_stats
"CPL:RUN_LOOP"                                   -       3392     3392 1.465344e+07   2.835644e+06   836.413 (     0      0)   834.443 (  3027      0)
"CPL:RUN"                                        -       3392     3392 2.207204e+08   2.191895e+05   114.090 (  2689      0)     0.016 (  3331      0)
"CPL:ICE_RUN"                                    -       2560     2560 1.105920e+07   4.580381e+05   203.878 (  1792      0)   176.532 (   611      0)
"CPL:ATM_RUN"                                    -       2752     2752 1.188864e+07   1.378623e+06   517.801 (   896      0)   475.719 (  1278      0)
"CPL:LND_RUN"                                    -        192      192 8.294400e+05   5.827318e+03    34.563 (  2579      0)    26.031 (  2694      0)
"CPL:ROF_RUN"                                    -        192      192 1.382400e+05   1.415154e+03     8.085 (  2694      0)     6.485 (  2583      0)
"CPL:OCN_RUN"                                    -        640      640 2.764160e+06   4.714679e+05   745.053 (  2950      0)   696.492 (  3336      0)
"a:CAM_run2"                                     -       2752     2752 1.189139e+07   2.170967e+05    81.306 (  2499      0)    69.270 (  2740      0)
"a:CAM_run3"                                     -       2752     2752 1.189139e+07   2.628228e+05    97.907 (   529      0)    90.810 (  2674      0)
"a:PAT_remap"                                    -       2752     2752 1.189139e+07   9.721289e+04    37.160 (   634      0)    30.921 (  2696      0)
"a:CAM_run4"                                     -       2752     2752 1.189139e+07   2.439394e+04    10.922 (  2688      0)     8.491 (  2481      0)
"a:CAM_run1"                                     -       2752     2752 1.189139e+07   8.730524e+05   339.088 (  2706      0)   291.411 (  1278      0)
chrysalis-perf-study/v2-narrm-wccase-chrysalis-r1-timers/v2-narrm-wccase-chrysalis-r1.WCYCL20TR.northamericax4v1pg2_WC14to60E2r3.M-model_timing_stats
"CPL:RUN_LOOP"                                   -       5120     5120 2.211840e+07   1.046997e+07  2046.540 (     0      0)  2040.367 (  4553      0)
"CPL:RUN"                                        -       5120     5120 3.096538e+08   5.541068e+05   163.326 (    54      0)     0.013 (  4097      0)
"CPL:ICE_RUN"                                    -       3840     3840 1.658880e+07   8.005060e+05   234.895 (  3771      0)   204.669 (  2217      0)
"CPL:LND_RUN"                                    -       3840     3840 1.658880e+07   4.822493e+04    16.133 (  1654      0)     8.953 (  2736      0)
"CPL:ROF_RUN"                                    -       3840     3840 2.764800e+06   5.319935e+04    15.694 (  1599      0)    10.166 (  3794      0)
"CPL:ATM_RUN"                                    -       3840     3840 1.658880e+07   5.967388e+06  1589.987 (   265      0)  1536.006 (  1576      0)
"CPL:OCN_RUN"                                    -       1280     1280 5.528320e+06   2.383531e+06  1874.623 (  4965      0)  1818.592 (  4640      0)
"a:CAM_run2"                                     -       3840     3840 1.659264e+07   5.539833e+05   149.403 (  2166      0)   135.320 (  3118      0)
"a:CAM_run3"                                     -       3840     3840 1.659264e+07   3.198322e+06   836.026 (  3011      0)   829.787 (  2935      0)
"a:PAT_remap"                                    -       3840     3840 6.637056e+07   1.029553e+06   280.270 (  3273      0)   250.434 (  3153      0)
"a:CAM_run4"                                     -       3840     3840 1.659264e+07   4.942704e+04    15.200 (  3200      0)    11.955 (   767      0)
"a:CAM_run1"                                     -       3840     3840 1.659264e+07   2.163775e+06   597.585 (  2181      0)   544.877 (  1576      0)
chrysalis-perf-study/v2-narrm-wccase-chrysalis-r1-timers/v2-narrm-wccase-chrysalis-r1.WCYCL20TR.ne30pg2_EC30to60E2r2.L-model_timing_stats
"CPL:RUN_LOOP"                                   -       6720     6720 2.903040e+07   3.592167e+06   535.146 (     0      0)   532.262 (  6544      0)
"CPL:RUN"                                        -       6720     6720 4.363722e+08   3.033368e+05    74.903 (  5377      0)     0.012 (  6593      0)
"CPL:ICE_RUN"                                    -       5120     5120 2.211840e+07   6.094676e+05   132.350 (  2096      0)   117.606 (  2473      0)
"CPL:ATM_RUN"                                    -       5400     5400 2.332800e+07   1.689507e+06   325.933 (   321      0)   305.860 (  1699      0)
"CPL:LND_RUN"                                    -        320      320 1.382400e+06   6.582842e+03    23.921 (  5120      0)    16.777 (  5404      0)
"CPL:ROF_RUN"                                    -        320      320 2.304000e+05   1.568645e+03     5.522 (  5344      0)     4.282 (  5155      0)
"CPL:OCN_RUN"                                    -       1280     1280 5.528320e+06   5.861154e+05   466.076 (  5764      0)   429.804 (  6274      0)
"a:CAM_run2"                                     -       5400     5400 2.333340e+07   2.553702e+05    49.730 (   320      0)    46.131 (  5164      0)
"a:CAM_run3"                                     -       5400     5400 2.333340e+07   3.065374e+05    58.413 (  1187      0)    54.123 (  3940      0)
"a:PAT_remap"                                    -       5400     5400 2.333340e+07   1.125786e+05    22.034 (  3841      0)    19.258 (   340      0)
"a:CAM_run4"                                     -       5400     5400 2.333340e+07   4.840441e+04     9.520 (  4352      0)     8.742 (   625      0)
"a:CAM_run1"                                     -       5400     5400 2.333340e+07   1.076750e+06   211.500 (   321      0)   191.933 (  1699      0)
chrysalis-perf-study/v2-narrm-wccase-chrysalis-r1-timers/v2-narrm-wccase-chrysalis-r1.WCYCL20TR.northamericax4v1pg2_WC14to60E2r3.L-model_timing_stats
"CPL:RUN_LOOP"                                   -       6400     6400 2.764800e+07   1.128157e+07  1763.801 (     0      0)  1759.595 (  6017      0)
"CPL:RUN"                                        -       6400     6400 3.918595e+08   6.206330e+05   154.599 (   132      0)     0.012 (  4929      0)
"CPL:ICE_RUN"                                    -       4400     4400 1.900800e+07   8.538590e+05   219.033 (  4044      0)   189.856 (   611      0)
"CPL:ROF_RUN"                                    -       2048     2048 1.474560e+06   3.682572e+04    18.700 (  1692      0)    15.734 (  1775      0)
"CPL:ATM_RUN"                                    -       4864     4864 2.101248e+07   5.985640e+06  1253.505 (  1090      0)  1192.090 (  3827      0)
"CPL:LND_RUN"                                    -        448      448 1.935360e+06   1.641589e+04    42.796 (  4685      0)    31.172 (  4787      0)
"CPL:OCN_RUN"                                    -       1536     1536 6.633984e+06   2.497051e+06  1636.639 (  4938      0)  1581.891 (  6204      0)
"a:CAM_run2"                                     -       4864     4864 2.101734e+07   5.588300e+05   117.794 (  4545      0)   104.504 (  4750      0)
"a:CAM_run3"                                     -       4864     4864 2.101734e+07   3.147303e+06   650.167 (   237      0)   642.330 (  4731      0)
"a:PAT_remap"                                    -       4864     4864 8.406938e+07   1.022086e+06   218.658 (  2763      0)   190.736 (  4806      0)
"a:CAM_run4"                                     -       4864     4864 2.101734e+07   6.505746e+04    15.473 (  4800      0)    12.894 (  1026      0)
"a:CAM_run1"                                     -       4864     4864 2.101734e+07   2.212005e+06   478.268 (  1090      0)   415.886 (  3827      0)
