v2-overview-fcase-chrysalis-r0.FC5AV1C-L.ne30_ne30.5
"CPL:RUN_LOOP"                                 320      320 1.382400e+06   3.230266e+06 10094.669 (    45      0) 10094.517 (     7      0)
"CPL:ICE_RUN"                                  320      320 1.382400e+06   1.207883e+03     4.361 (    37      0)     3.248 (   317      0)
"CPL:LND_RUN"                                  320      320 1.382400e+06   1.095662e+04    38.846 (    44      0)    26.383 (   165      0)
"CPL:ATM_RUN"                                  320      320 1.382400e+06   3.090566e+06  9917.847 (    78      0)  9487.206 (   234      0)
"CPL:OCNT_RUN"                                 320      320 1.382080e+06   1.293314e+02     0.509 (     0      0)     0.336 (   151      0)
"a:CAM_run2"                                   320      320 1.382720e+06   3.722856e+05  1177.533 (   276      0)  1150.097 (   113      0)
"a:CAM_run3"                                   320      320 1.382720e+06   1.070184e+06  3372.750 (    14      0)  3276.587 (   285      0)
"a:PAT_remap"                                  320      320 8.296320e+06   8.550912e+05  2741.733 (   204      0)  2340.338 (   312      0)
"a:CAM_run4"                                   320      320 1.382720e+06   1.829022e+03     7.188 (    64      0)     5.239 (     7      0)
"a:CAM_run1"                                   320      320 1.382720e+06   1.646019e+06  5401.350 (    78      0)  4968.640 (   230      0)
v2-overview-fcase-chrysalis-r0.F2010-CICE.ne30pg2_ne30pg2.5
"CPL:RUN_LOOP"                            -        320      320 1.382400e+06   1.275900e+06  3987.211 (     0      0)  3987.093 (    65      0)
"CPL:ICE_RUN"                             -        320      320 1.382400e+06   1.037682e+03     3.769 (   255      0)     2.720 (    41      0)
"CPL:LND_RUN"                             -        320      320 1.382400e+06   6.553095e+03    24.212 (   192      0)    17.183 (   141      0)
"CPL:ATM_RUN"                             -        320      320 1.382400e+06   1.231530e+06  3921.765 (   192      0)  3794.874 (   306      0)
"CPL:OCNT_RUN"                            -        320      320 1.382080e+06   1.085524e+02     0.753 (     0      0)     0.292 (   232      0)
"a:CAM_run2"                              -        320      320 1.382720e+06   2.219181e+05   703.007 (   223      0)   668.752 (   315      0)
"a:CAM_run3"                              -        320      320 1.382720e+06   2.449094e+05   775.778 (   315      0)   750.962 (   282      0)
"a:PAT_remap"                             -        320      320 1.382720e+06   1.040008e+05   330.084 (    57      0)   311.522 (   282      0)
"a:CAM_run4"                              -        320      320 1.382720e+06   1.108644e+03     4.211 (    64      0)     3.110 (     7      0)
"a:CAM_run1"                              -        320      320 1.382720e+06   7.634209e+05  2452.733 (   192      0)  2339.814 (   183      0)
v2-overview-fcase-chrysalis-r0.FC5AV1C-L.ne30_ne30.10
"CPL:RUN_LOOP"                                 640      640 2.764800e+06   3.190630e+06  4985.466 (   320      0)  4985.276 (   193      0)
"CPL:ICE_RUN"                                  640      640 2.764800e+06   2.207808e+03     4.490 (   295      0)     2.765 (    59      0)
"CPL:LND_RUN"                                  640      640 2.764800e+06   1.280066e+04    22.704 (   548      0)    14.709 (   497      0)
"CPL:ATM_RUN"                                  640      640 2.764800e+06   3.018362e+06  4890.826 (   128      0)  4630.979 (   613      0)
"CPL:OCNT_RUN"                                 640      640 2.764160e+06   2.530750e+02     0.515 (   331      0)     0.321 (   177      0)
"a:CAM_run2"                                   640      640 2.765440e+06   3.704372e+05   585.960 (   195      0)   569.588 (   467      0)
"a:CAM_run3"                                   640      640 2.765440e+06   9.953675e+05  1585.511 (   225      0)  1522.352 (   379      0)
"a:PAT_remap"                                  640      640 1.659264e+07   7.347562e+05  1275.234 (   229      0)   991.469 (   469      0)
"a:CAM_run4"                                   640      640 2.765440e+06   2.715615e+03     5.417 (     0      0)     3.959 (    71      0)
"a:CAM_run1"                                   640      640 2.765440e+06   1.649482e+06  2723.869 (   128      0)  2475.605 (   174      0)
v2-overview-fcase-chrysalis-r0.F2010-CICE.ne30pg2_ne30pg2.10
"CPL:RUN_LOOP"                            -        640      640 2.764800e+06   1.328713e+06  2076.152 (     0      0)  2076.105 (   197      0)
"CPL:ICE_RUN"                             -        640      640 2.764800e+06   2.127916e+03     4.164 (    14      0)     2.677 (   314      0)
"CPL:LND_RUN"                             -        640      640 2.764800e+06   8.859118e+03    15.745 (   332      0)    10.921 (   633      0)
"CPL:ATM_RUN"                             -        640      640 2.764800e+06   1.267463e+06  2021.652 (     0      0)  1942.928 (   557      0)
"CPL:OCNT_RUN"                            -        640      640 2.764160e+06   2.047943e+02     0.757 (     0      0)     0.289 (   311      0)
"a:CAM_run2"                              -        640      640 2.765440e+06   2.190595e+05   354.230 (    64      0)   328.999 (   506      0)
"a:CAM_run3"                              -        640      640 2.765440e+06   2.565040e+05   407.596 (    26      0)   395.129 (   164      0)
"a:PAT_remap"                             -        640      640 2.765440e+06   1.062703e+05   173.515 (    65      0)   156.831 (   506      0)
"a:CAM_run4"                              -        640      640 2.765440e+06   1.847563e+03     3.627 (   320      0)     2.691 (    77      0)
"a:CAM_run1"                              -        640      640 2.765440e+06   7.897574e+05  1276.596 (   512      0)  1190.108 (   153      0)
v2-overview-fcase-chrysalis-r0.FC5AV1C-L.ne30_ne30.20
"CPL:RUN_LOOP"                                1280     1280 5.529600e+06   3.281658e+06  2563.879 (   425      0)  2563.711 (     1      0)
"CPL:ICE_RUN"                                 1280     1280 5.529600e+06   4.283870e+03     4.542 (  1250      0)     2.328 (  1279      0)
"CPL:LND_RUN"                                 1280     1280 5.529600e+06   1.787717e+04    17.313 (   939      0)    11.620 (    23      0)
"CPL:ATM_RUN"                                 1280     1280 5.529600e+06   3.082743e+06  2501.850 (   192      0)  2305.774 (   313      0)
"CPL:OCNT_RUN"                                1280     1280 5.528320e+06   4.771028e+02     0.468 (     0      0)     0.330 (   296      0)
"a:CAM_run2"                                  1280     1280 5.530880e+06   3.729859e+05   300.075 (   260      0)   282.655 (   485      0)
"a:CAM_run3"                                  1280     1280 5.530880e+06   9.786455e+05   794.744 (   132      0)   731.164 (  1251      0)
"a:PAT_remap"                                 1280     1280 3.318528e+07   6.373935e+05   620.878 (   127      0)   412.525 (   505      0)
"a:CAM_run4"                                  1280     1280 5.530880e+06   5.366102e+03     5.157 (  1216      0)     3.998 (   194      0)
"a:CAM_run1"                                  1280     1280 5.530880e+06   1.725162e+06  1445.724 (   640      0)  1227.875 (   124      0)
v2-overview-fcase-chrysalis-r0.F2010-CICE.ne30pg2_ne30pg2.20
"CPL:RUN_LOOP"                            -       1280     1280 5.529600e+06   1.403106e+06  1096.218 (     0      0)  1096.126 (   833      0)
"CPL:ICE_RUN"                             -       1280     1280 5.529600e+06   3.950161e+03     3.925 (   977      0)     2.435 (   494      0)
"CPL:LND_RUN"                             -       1280     1280 5.529600e+06   1.266883e+04    12.531 (   209      0)     7.753 (    31      0)
"CPL:ATM_RUN"                             -       1280     1280 5.529600e+06   1.315511e+06  1059.720 (   384      0)   979.398 (   547      0)
"CPL:OCNT_RUN"                            -       1280     1280 5.528320e+06   4.776081e+02     0.768 (     0      0)     0.330 (   935      0)
"a:CAM_run2"                              -       1280     1280 5.530880e+06   2.126850e+05   181.485 (     5      0)   159.600 (   702      0)
"a:CAM_run3"                              -       1280     1280 5.530880e+06   2.832411e+05   225.872 (   186      0)   215.323 (     5      0)
"a:PAT_remap"                             -       1280     1280 5.530880e+06   1.091037e+05    91.227 (  1252      0)    78.920 (   701      0)
"a:CAM_run4"                              -       1280     1280 5.530880e+06   3.339972e+03     3.063 (     0      0)     2.492 (    66      0)
"a:CAM_run1"                              -       1280     1280 5.530880e+06   8.156962e+05   669.790 (   406      0)   582.815 (    33      0)
v2-overview-fcase-chrysalis-r0.FC5AV1C-L.ne30_ne30.29
"CPL:RUN_LOOP"                                1856     1856 8.017920e+06   3.219141e+06  1734.792 (  1280      0)  1734.413 (  1670      0)
"CPL:ICE_RUN"                                 1856     1856 8.017920e+06   5.991758e+03     4.138 (    15      0)     2.526 (  1050      0)
"CPL:LND_RUN"                                 1856     1856 8.017920e+06   2.201171e+04    16.373 (  1497      0)     8.765 (  1084      0)
"CPL:ATM_RUN"                                 1856     1856 8.017920e+06   2.971931e+06  1688.839 (    21      0)  1567.754 (  1255      0)
"CPL:OCNT_RUN"                                1856     1856 8.016064e+06   6.969232e+02     0.447 (   741      0)     0.331 (  1770      0)
"a:CAM_run2"                                  1856     1856 8.019776e+06   3.671675e+05   203.874 (   668      0)   189.038 (  1718      0)
"a:CAM_run3"                                  1856     1856 8.019776e+06   8.807618e+05   485.602 (  1568      0)   448.523 (  1843      0)
"a:PAT_remap"                                 1856     1856 4.811866e+07   6.234643e+05   365.983 (    62      0)   213.267 (  1769      0)
"a:CAM_run4"                                  1856     1856 8.019776e+06   7.985216e+03     5.107 (  1728      0)     4.232 (    10      0)
"a:CAM_run1"                                  1856     1856 8.019776e+06   1.715254e+06  1008.445 (    21      0)   890.678 (  1255      0)
v2-overview-fcase-chrysalis-r0.F2010-CICE.ne30pg2_ne30pg2.29
"CPL:RUN_LOOP"                            -       1856     1856 8.017920e+06   1.377548e+06   742.247 (     0      0)   742.191 (  1410      0)
"CPL:ICE_RUN"                             -       1856     1856 8.017920e+06   6.093898e+03     4.472 (  1767      0)     2.167 (  1848      0)
"CPL:LND_RUN"                             -       1856     1856 8.017920e+06   1.835013e+04    15.515 (   531      0)     6.652 (  1341      0)
"CPL:ATM_RUN"                             -       1856     1856 8.017920e+06   1.263340e+06   703.619 (  1609      0)   652.804 (  1511      0)
"CPL:OCNT_RUN"                            -       1856     1856 8.016064e+06   6.851502e+02     0.811 (     0      0)     0.338 (   551      0)
"a:CAM_run2"                              -       1856     1856 8.019776e+06   2.088640e+05   117.910 (  1475      0)   100.758 (  1779      0)
"a:CAM_run3"                              -       1856     1856 8.019776e+06   2.517943e+05   140.353 (   785      0)   130.288 (  1689      0)
"a:PAT_remap"                             -       1856     1856 8.019776e+06   9.584538e+04    54.172 (  1023      0)    46.873 (  1831      0)
"a:CAM_run4"                              -       1856     1856 8.019776e+06   4.543897e+03     3.108 (  1344      0)     2.394 (    12      0)
"a:CAM_run1"                              -       1856     1856 8.019776e+06   7.973593e+05   458.776 (  1724      0)   400.739 (  1511      0)
v2-overview-fcase-chrysalis-r0.FC5AV1C-L.ne30_ne30.38
"CPL:RUN_LOOP"                                2432     2432 1.050624e+07   3.570251e+06  1468.095 (   431      0)  1467.906 (     1      0)
"CPL:ICE_RUN"                                 2432     2432 1.050624e+07   9.093485e+03     5.226 (   295      0)     2.924 (  1742      0)
"CPL:LND_RUN"                                 2432     2432 1.050624e+07   2.598039e+04    15.936 (  2137      0)     8.041 (    75      0)
"CPL:ATM_RUN"                                 2432     2432 1.050624e+07   3.351342e+06  1421.344 (   128      0)  1301.690 (  2405      0)
"CPL:OCNT_RUN"                                2432     2432 1.050381e+07   9.586858e+02     0.502 (  1348      0)     0.361 (  2141      0)
"a:CAM_run2"                                  2432     2432 1.050867e+07   3.833177e+05   162.195 (   128      0)   153.707 (  1908      0)
"a:CAM_run3"                                  2432     2432 1.050867e+07   1.095629e+06   474.941 (   219      0)   421.025 (  2290      0)
"a:PAT_remap"                                 2432     2432 6.305203e+07   6.600111e+05   364.633 (   218      0)   207.012 (   689      0)
"a:CAM_run4"                                  2432     2432 1.050867e+07   9.464119e+03     4.850 (  2304      0)     3.747 (     4      0)
"a:CAM_run1"                                  2432     2432 1.050867e+07   1.861806e+06   822.339 (  2368      0)   702.609 (  2405      0)
v2-overview-fcase-chrysalis-r0.F2010-CICE.ne30pg2_ne30pg2.38
"CPL:RUN_LOOP"                            -       2432     2432 1.050624e+07   1.516988e+06   623.800 (     0      0)   623.733 (  1345      0)
"CPL:ICE_RUN"                             -       2432     2432 1.050624e+07   9.436502e+03     5.806 (  2339      0)     2.794 (  2416      0)
"CPL:LND_RUN"                             -       2432     2432 1.050624e+07   2.296117e+04    15.405 (  1819      0)     6.261 (  1183      0)
"CPL:ATM_RUN"                             -       2432     2432 1.050624e+07   1.382729e+06   584.953 (   320      0)   530.876 (  1982      0)
"CPL:OCNT_RUN"                            -       2432     2432 1.050381e+07   9.682966e+02     1.488 (     0      0)     0.362 (  1802      0)
"a:CAM_run2"                              -       2432     2432 1.050867e+07   2.132420e+05    96.247 (    32      0)    82.683 (  1977      0)
"a:CAM_run3"                              -       2432     2432 1.050867e+07   3.250261e+05   136.634 (   521      0)   128.722 (   536      0)
"a:PAT_remap"                             -       2432     2432 1.050867e+07   1.242884e+05    57.789 (  2359      0)    46.057 (   823      0)
"a:CAM_run4"                              -       2432     2432 1.050867e+07   5.977239e+03     3.035 (     0      0)     2.385 (    90      0)
"a:CAM_run1"                              -       2432     2432 1.050867e+07   8.374144e+05   361.966 (  1440      0)   303.879 (   252      0)
v2-overview-fcase-chrysalis-r0.FC5AV1C-L.ne30_ne30.43
"CPL:RUN_LOOP"                                2752     2752 1.188864e+07   3.426327e+06  1245.068 (  2679      0)  1244.988 (     1      0)
"CPL:ICE_RUN"                                 2752     2752 1.188864e+07   1.091024e+04     4.815 (  1407      0)     3.172 (  2010      0)
"CPL:LND_RUN"                                 2752     2752 1.188864e+07   3.047430e+04    13.647 (   821      0)     8.375 (  1544      0)
"CPL:ATM_RUN"                                 2752     2752 1.188864e+07   3.174905e+06  1200.694 (  1283      0)  1079.158 (  2724      0)
"CPL:OCNT_RUN"                                2752     2752 1.188589e+07   1.171980e+03     0.521 (  1519      0)     0.389 (   949      0)
"a:CAM_run2"                                  2752     2752 1.189139e+07   3.892647e+05   144.169 (  2397      0)   135.693 (  2712      0)
"a:CAM_run3"                                  2752     2752 1.189139e+07   9.245255e+05   340.689 (    68      0)   316.533 (  2665      0)
"a:PAT_remap"                                 2752     2752 7.134835e+07   6.545450e+05   255.589 (  1804      0)   143.219 (  2709      0)
"a:CAM_run4"                                  2752     2752 1.189139e+07   1.011234e+04     4.696 (  2688      0)     3.571 (    76      0)
"a:CAM_run1"                                  2752     2752 1.189139e+07   1.849852e+06   717.424 (  1283      0)   601.532 (  2344      0)
v2-overview-fcase-chrysalis-r0.F2010-CICE.ne30pg2_ne30pg2.43
"CPL:RUN_LOOP"                            -       2752     2752 1.188864e+07   1.443304e+06   524.498 (     0      0)   524.402 (  1731      0)
"CPL:ICE_RUN"                             -       2752     2752 1.188864e+07   9.608960e+03     4.866 (  1898      0)     2.529 (  2712      0)
"CPL:LND_RUN"                             -       2752     2752 1.188864e+07   2.545475e+04    13.500 (   132      0)     6.257 (  2140      0)
"CPL:ATM_RUN"                             -       2752     2752 1.188864e+07   1.301701e+06   487.900 (   155      0)   447.312 (  2026      0)
"CPL:OCNT_RUN"                            -       2752     2752 1.188589e+07   1.232592e+03     0.853 (     0      0)     0.400 (  2526      0)
"a:CAM_run2"                              -       2752     2752 1.189139e+07   2.104014e+05    78.447 (  2304      0)    67.286 (  2666      0)
"a:CAM_run3"                              -       2752     2752 1.189139e+07   2.629903e+05    97.450 (   802      0)    90.831 (  2733      0)
"a:PAT_remap"                             -       2752     2752 1.189139e+07   9.998384e+04    38.334 (  2661      0)    32.427 (  2696      0)
"a:CAM_run4"                              -       2752     2752 1.189139e+07   7.020616e+03     2.989 (  2688      0)     2.481 (    15      0)
"a:CAM_run1"                              -       2752     2752 1.189139e+07   8.201252e+05   319.139 (  2707      0)   271.677 (  2026      0)
v2-overview-fcase-chrysalis-r0.FC5AV1C-L.ne30_ne30.45
"CPL:RUN_LOOP"                                2880     2880 1.244160e+07   3.600989e+06  1250.370 (     0      0)  1250.332 (  1477      0)
"CPL:ICE_RUN"                                 2880     2880 1.244160e+07   1.333548e+04     6.042 (   744      0)     3.715 (  1626      0)
"CPL:LND_RUN"                                 2880     2880 1.244160e+07   3.197978e+04    14.171 (   443      0)     8.259 (  1896      0)
"CPL:ATM_RUN"                                 2880     2880 1.244160e+07   3.257629e+06  1203.959 (     0      0)  1081.135 (   224      0)
"CPL:OCNT_RUN"                                2880     2880 1.243872e+07   1.250161e+03     0.548 (  2873      0)     0.391 (  1455      0)
"a:CAM_run2"                                  2880     2880 1.244448e+07   3.928870e+05   143.779 (     0      0)   119.170 (  1543      0)
"a:CAM_run3"                                  2880     2880 1.244448e+07   9.727586e+05   359.552 (  2048      0)   311.184 (  2553      0)
"a:PAT_remap"                                 2880     2880 7.466688e+07   6.646731e+05   256.648 (  1732      0)   120.904 (  2556      0)
"a:CAM_run4"                                  2880     2880 1.244448e+07   1.164795e+04     4.950 (  2560      0)     3.932 (    18      0)
"a:CAM_run1"                                  2880     2880 1.244448e+07   1.878783e+06   719.524 (     0      0)   598.525 (   225      0)
v2-overview-fcase-chrysalis-r0.F2010-CICE.ne30pg2_ne30pg2.45
"CPL:RUN_LOOP"                            -       2880     2880 1.244160e+07   1.518913e+06   527.440 (  1536      0)   527.380 (   593      0)
"CPL:ICE_RUN"                             -       2880     2880 1.244160e+07   9.730125e+03     4.477 (  1970      0)     2.333 (  2780      0)
"CPL:LND_RUN"                             -       2880     2880 1.244160e+07   2.797569e+04    17.407 (   795      0)     6.748 (  1247      0)
"CPL:ATM_RUN"                             -       2880     2880 1.244160e+07   1.341888e+06   487.983 (   896      0)   448.830 (  1719      0)
"CPL:OCNT_RUN"                            -       2880     2880 1.243872e+07   1.313400e+03     1.025 (     0      0)     0.396 (  2689      0)
"a:CAM_run2"                              -       2880     2880 1.244448e+07   2.179253e+05    79.325 (   192      0)    66.462 (  2540      0)
"a:CAM_run3"                              -       2880     2880 1.244448e+07   2.747718e+05    97.961 (   686      0)    91.305 (  2523      0)
"a:PAT_remap"                             -       2880     2880 1.244448e+07   1.042288e+05    38.070 (  2682      0)    32.390 (  2531      0)
"a:CAM_run4"                              -       2880     2880 1.244448e+07   7.576974e+03     3.229 (  2816      0)     2.568 (    15      0)
"a:CAM_run1"                              -       2880     2880 1.244448e+07   8.403722e+05   317.286 (  2692      0)   273.233 (    61      0)
v2-overview-fcase-chrysalis-r0.FC5AV1C-L.ne30_ne30.49
"CPL:RUN_LOOP"                                3136     3136 1.354752e+07   3.345152e+06  1066.769 (  2683      0)  1066.678 (  2177      0)
"CPL:ICE_RUN"                                 3136     3136 1.354752e+07   1.184778e+04     5.604 (  2479      0)     3.117 (  2843      0)
"CPL:LND_RUN"                                 3136     3136 1.354752e+07   3.322911e+04    13.335 (  1017      0)     8.194 (  2344      0)
"CPL:ATM_RUN"                                 3136     3136 1.354752e+07   3.100166e+06  1027.082 (     0      0)   961.470 (   759      0)
"CPL:OCNT_RUN"                                3136     3136 1.354438e+07   1.358609e+03     0.551 (     0      0)     0.396 (   998      0)
"a:CAM_run2"                                  3136     3136 1.355066e+07   3.685267e+05   122.169 (  1091      0)   108.417 (  3116      0)
"a:CAM_run3"                                  3136     3136 1.355066e+07   1.034417e+06   341.786 (  2066      0)   306.203 (  2406      0)
"a:PAT_remap"                                 3136     3136 8.130394e+07   6.761157e+05   255.597 (  1935      0)   122.503 (  3052      0)
"a:CAM_run4"                                  3136     3136 1.355066e+07   1.213436e+04     4.779 (  2624      0)     3.745 (    81      0)
"a:CAM_run1"                                  3136     3136 1.355066e+07   1.683665e+06   584.270 (  2432      0)   502.437 (   285      0)
v2-overview-fcase-chrysalis-r0.F2010-CICE.ne30pg2_ne30pg2.49
"CPL:RUN_LOOP"                            -       3136     3136 1.354752e+07   1.590774e+06   507.351 (     0      0)   507.230 (   514      0)
"CPL:ICE_RUN"                             -       3136     3136 1.354752e+07   1.229089e+04     5.483 (  1976      0)     3.065 (  2524      0)
"CPL:LND_RUN"                             -       3136     3136 1.354752e+07   3.011189e+04    17.182 (  2430      0)     6.760 (  1407      0)
"CPL:ATM_RUN"                             -       3136     3136 1.354752e+07   1.414217e+06   465.009 (  2307      0)   417.796 (  2541      0)
"CPL:OCNT_RUN"                            -       3136     3136 1.354438e+07   1.364455e+03     1.060 (     0      0)     0.397 (  2417      0)
"a:CAM_run2"                              -       3136     3136 1.355066e+07   2.290945e+05    77.230 (  1287      0)    64.808 (  2860      0)
"a:CAM_run3"                              -       3136     3136 1.355066e+07   3.015665e+05    98.807 (  2861      0)    90.474 (  2266      0)
"a:PAT_remap"                             -       3136     3136 1.355066e+07   1.147824e+05    40.082 (  2401      0)    32.588 (  3080      0)
"a:CAM_run4"                              -       3136     3136 1.355066e+07   8.158735e+03     3.196 (  2752      0)     2.536 (    15      0)
"a:CAM_run1"                              -       3136     3136 1.355066e+07   8.740008e+05   298.323 (  2306      0)   243.426 (  2152      0)
v2-overview-fcase-chrysalis-r0.FC5AV1C-L.ne30_ne30.51
"CPL:RUN_LOOP"                                3264     3264 1.410048e+07   3.412289e+06  1045.477 (  1771      0)  1045.401 (  3208      0)
"CPL:ICE_RUN"                                 3264     3264 1.410048e+07   1.250637e+04     4.840 (  1900      0)     3.137 (  1228      0)
"CPL:LND_RUN"                                 3264     3264 1.410048e+07   3.130325e+04    13.077 (  1717      0)     6.802 (   415      0)
"CPL:ATM_RUN"                                 3264     3264 1.410048e+07   3.177582e+06  1004.970 (     0      0)   930.285 (  2994      0)
"CPL:OCNT_RUN"                                3264     3264 1.409722e+07   1.420519e+03     0.664 (     0      0)     0.402 (  3223      0)
"a:CAM_run2"                                  3264     3264 1.410374e+07   3.790289e+05   120.011 (  1155      0)   110.990 (  2648      0)
"a:CAM_run3"                                  3264     3264 1.410374e+07   1.071745e+06   339.839 (  2053      0)   303.555 (  2535      0)
"a:PAT_remap"                                 3264     3264 8.462246e+07   6.877167e+05   254.994 (  1036      0)   123.140 (  2940      0)
"a:CAM_run4"                                  3264     3264 1.410374e+07   1.338995e+04     5.271 (  2176      0)     3.984 (     4      0)
"a:CAM_run1"                                  3264     3264 1.410374e+07   1.711984e+06   566.454 (  3200      0)   473.836 (  2128      0)
v2-overview-fcase-chrysalis-r0.F2010-CICE.ne30pg2_ne30pg2.51
"CPL:RUN_LOOP"                            -       3264     3264 1.410048e+07   1.638254e+06   501.961 (     0      0)   501.870 (  1410      0)
"CPL:ICE_RUN"                             -       3264     3264 1.410048e+07   1.298123e+04     5.974 (  2912      0)     3.118 (  1434      0)
"CPL:LND_RUN"                             -       3264     3264 1.410048e+07   3.065097e+04    17.128 (  3226      0)     5.920 (  1343      0)
"CPL:ATM_RUN"                             -       3264     3264 1.410048e+07   1.433239e+06   460.967 (  3136      0)   411.599 (  2861      0)
"CPL:OCNT_RUN"                            -       3264     3264 1.409722e+07   1.423746e+03     0.987 (     0      0)     0.405 (  2091      0)
"a:CAM_run2"                              -       3264     3264 1.410374e+07   2.331038e+05    76.332 (  1280      0)    62.878 (  2538      0)
"a:CAM_run3"                              -       3264     3264 1.410374e+07   3.100218e+05   101.278 (   848      0)    89.404 (  2142      0)
"a:PAT_remap"                             -       3264     3264 1.410374e+07   1.170041e+05    39.461 (  2543      0)    31.710 (  2951      0)
"a:CAM_run4"                              -       3264     3264 1.410374e+07   8.599260e+03     3.067 (  2880      0)     2.580 (    18      0)
"a:CAM_run1"                              -       3264     3264 1.410374e+07   8.800238e+05   296.681 (  3140      0)   239.539 (  1583      0)
v2-overview-fcase-chrysalis-r0.FC5AV1C-L.ne30_ne30.57
"CPL:RUN_LOOP"                                3648     3648 1.575936e+07   3.626784e+06   994.215 (  1728      0)   994.165 (  2305      0)
"CPL:ICE_RUN"                                 3648     3648 1.575936e+07   1.548048e+04     5.516 (  2918      0)     3.516 (  2842      0)
"CPL:LND_RUN"                                 3648     3648 1.575936e+07   3.921429e+04    13.402 (   878      0)     7.879 (  2719      0)
"CPL:ATM_RUN"                                 3648     3648 1.575936e+07   3.340311e+06   954.405 (   832      0)   890.133 (   351      0)
"CPL:OCNT_RUN"                                3648     3648 1.575571e+07   1.683793e+03     0.578 (  3465      0)     0.412 (   895      0)
"a:CAM_run2"                                  3648     3648 1.576301e+07   3.791000e+05   110.147 (  1345      0)    93.810 (  3346      0)
"a:CAM_run3"                                  3648     3648 1.576301e+07   1.172117e+06   343.330 (   129      0)   295.344 (  1946      0)
"a:PAT_remap"                                 3648     3648 9.457805e+07   7.076545e+05   254.921 (   192      0)   117.109 (  2659      0)
"a:CAM_run4"                                  3648     3648 1.576301e+07   1.577670e+04     5.318 (  3136      0)     4.246 (     4      0)
"a:CAM_run1"                                  3648     3648 1.576301e+07   1.770511e+06   541.078 (  1920      0)   442.693 (   351      0)
v2-overview-fcase-chrysalis-r0.F2010-CICE.ne30pg2_ne30pg2.57
"CPL:RUN_LOOP"                            -       3648     3648 1.575936e+07   1.685610e+06   462.110 (     0      0)   462.046 (  2499      0)
"CPL:ICE_RUN"                             -       3648     3648 1.575936e+07   1.607541e+04     5.334 (  1975      0)     3.473 (  3609      0)
"CPL:LND_RUN"                             -       3648     3648 1.575936e+07   3.404164e+04    13.051 (  1221      0)     7.060 (  2392      0)
"CPL:ATM_RUN"                             -       3648     3648 1.575936e+07   1.503807e+06   425.170 (  1216      0)   380.870 (  2749      0)
"CPL:OCNT_RUN"                            -       3648     3648 1.575571e+07   1.642587e+03     0.861 (     0      0)     0.413 (   880      0)
"a:CAM_run2"                              -       3648     3648 1.576301e+07   2.345487e+05    70.666 (  1414      0)    58.507 (  2772      0)
"a:CAM_run3"                              -       3648     3648 1.576301e+07   3.457544e+05    97.258 (   636      0)    90.025 (  1752      0)
"a:PAT_remap"                             -       3648     3648 1.576301e+07   1.328817e+05    40.768 (  2878      0)    32.010 (  3304      0)
"a:CAM_run4"                              -       3648     3648 1.576301e+07   9.874897e+03     3.160 (  1792      0)     2.667 (  2254      0)
"a:CAM_run1"                              -       3648     3648 1.576301e+07   9.121039e+05   264.742 (  1792      0)   214.441 (   447      0)
v2-overview-fcase-chrysalis-r0.FC5AV1C-L.ne30_ne30.59
"CPL:RUN_LOOP"                                3776     3776 1.631232e+07   3.670424e+06   972.074 (  2944      0)   972.023 (  1153      0)
"CPL:ICE_RUN"                                 3776     3776 1.631232e+07   1.761928e+04     6.191 (  3245      0)     3.800 (  1674      0)
"CPL:LND_RUN"                                 3776     3776 1.631232e+07   4.143797e+04    14.803 (    16      0)     7.380 (  2399      0)
"CPL:ATM_RUN"                                 3776     3776 1.631232e+07   3.401555e+06   929.891 (  2944      0)   861.351 (  3321      0)
"CPL:OCNT_RUN"                                3776     3776 1.630854e+07   1.742420e+03     0.581 (     0      0)     0.420 (   503      0)
"a:CAM_run2"                                  3776     3776 1.631610e+07   3.804216e+05   105.349 (  1537      0)    96.653 (  3572      0)
"a:CAM_run3"                                  3776     3776 1.631610e+07   1.205519e+06   336.761 (  1083      0)   281.289 (  2219      0)
"a:PAT_remap"                                 3776     3776 9.789658e+07   7.204067e+05   255.679 (   771      0)   114.631 (  1962      0)
"a:CAM_run4"                                  3776     3776 1.631610e+07   1.592273e+04     5.214 (  2112      0)     4.138 (    18      0)
"a:CAM_run1"                                  3776     3776 1.631610e+07   1.798153e+06   521.334 (  2220      0)   423.226 (  1083      0)
v2-overview-fcase-chrysalis-r0.F2010-CICE.ne30pg2_ne30pg2.59
"CPL:RUN_LOOP"                            -       3776     3776 1.631232e+07   1.741519e+06   461.238 (     0      0)   461.192 (  1861      0)
"CPL:ICE_RUN"                             -       3776     3776 1.631232e+07   1.771668e+04     6.361 (  3366      0)     3.613 (  3609      0)
"CPL:LND_RUN"                             -       3776     3776 1.631232e+07   3.749595e+04    15.094 (  3161      0)     6.288 (  1759      0)
"CPL:ATM_RUN"                             -       3776     3776 1.631232e+07   1.531637e+06   424.576 (  3008      0)   377.839 (  3444      0)
"CPL:OCNT_RUN"                            -       3776     3776 1.630854e+07   1.741465e+03     0.930 (     0      0)     0.415 (   738      0)
"a:CAM_run2"                              -       3776     3776 1.631610e+07   2.387720e+05    70.089 (  1024      0)    57.138 (  3476      0)
"a:CAM_run3"                              -       3776     3776 1.631610e+07   3.553811e+05    98.791 (  1103      0)    88.791 (  1624      0)
"a:PAT_remap"                             -       3776     3776 1.631610e+07   1.370129e+05    43.023 (  2025      0)    31.639 (  2599      0)
"a:CAM_run4"                              -       3776     3776 1.631610e+07   9.504754e+03     3.001 (  2560      0)     2.477 (  1769      0)
"a:CAM_run1"                              -       3776     3776 1.631610e+07   9.264283e+05   266.987 (  3012      0)   211.949 (   382      0)
v2-overview-fcase-chrysalis-r0.FC5AV1C-L.ne30_ne30.68
"CPL:RUN_LOOP"                                4352     4352 1.880064e+07   4.045911e+06   929.732 (     0      0)   929.655 (    68      0)
"CPL:ICE_RUN"                                 4352     4352 1.880064e+07   1.851052e+04     5.378 (  4011      0)     3.447 (  2762      0)
"CPL:LND_RUN"                                 4352     4352 1.880064e+07   4.227298e+04    13.649 (  3097      0)     6.950 (  2207      0)
"CPL:ATM_RUN"                                 4352     4352 1.880064e+07   3.679763e+06   889.380 (     0      0)   823.339 (  3259      0)
"CPL:OCNT_RUN"                                4352     4352 1.879629e+07   2.169866e+03     0.699 (     0      0)     0.455 (  3810      0)
"a:CAM_run2"                                  4352     4352 1.880499e+07   3.890213e+05    94.470 (   705      0)    84.811 (  1963      0)
"a:CAM_run3"                                  4352     4352 1.880499e+07   1.354715e+06   339.180 (   778      0)   272.366 (  2551      0)
"a:PAT_remap"                                 4352     4352 1.128300e+08   7.576632e+05   255.445 (   771      0)   113.977 (  2280      0)
"a:CAM_run4"                                  4352     4352 1.880499e+07   1.909627e+04     5.526 (  4288      0)     4.186 (   148      0)
"a:CAM_run1"                                  4352     4352 1.880499e+07   1.914880e+06   507.158 (  2829      0)   392.993 (   568      0)
v2-overview-fcase-chrysalis-r0.F2010-CICE.ne30pg2_ne30pg2.68
"CPL:RUN_LOOP"                            -       4352     4352 1.880064e+07   1.856896e+06   426.740 (     0      0)   426.648 (  2825      0)
"CPL:ICE_RUN"                             -       4352     4352 1.880064e+07   1.611623e+04     4.845 (  4193      0)     2.792 (  4328      0)
"CPL:LND_RUN"                             -       4352     4352 1.880064e+07   3.800781e+04    13.089 (  2901      0)     6.321 (  4191      0)
"CPL:ATM_RUN"                             -       4352     4352 1.880064e+07   1.646022e+06   389.757 (    17      0)   344.876 (  1339      0)
"CPL:OCNT_RUN"                            -       4352     4352 1.879629e+07   2.010776e+03     1.082 (     0      0)     0.430 (  1204      0)
"a:CAM_run2"                              -       4352     4352 1.880499e+07   2.458291e+05    64.401 (   192      0)    52.685 (  2809      0)
"a:CAM_run3"                              -       4352     4352 1.880499e+07   4.078202e+05    96.053 (  2253      0)    89.026 (  1048      0)
"a:PAT_remap"                             -       4352     4352 1.880499e+07   1.633353e+05    47.015 (  4351      0)    31.749 (  3144      0)
"a:CAM_run4"                              -       4352     4352 1.880499e+07   1.238233e+04     3.331 (  3072      0)     2.761 (   172      0)
"a:CAM_run1"                              -       4352     4352 1.880499e+07   9.776136e+05   237.466 (  3666      0)   187.612 (   621      0)
v2-overview-fcase-chrysalis-r0.FC5AV1C-L.ne30_ne30.70
"CPL:RUN_LOOP"                                4480     4480 1.935360e+07   4.040371e+06   901.911 (  3648      0)   901.836 (  1608      0)
"CPL:ICE_RUN"                                 4480     4480 1.935360e+07   1.963784e+04     5.811 (  1443      0)     3.605 (  2252      0)
"CPL:LND_RUN"                                 4480     4480 1.935360e+07   4.412467e+04    13.994 (  2577      0)     6.957 (  3759      0)
"CPL:ATM_RUN"                                 4480     4480 1.935360e+07   3.730730e+06   861.597 (  3648      0)   792.307 (  3818      0)
"CPL:OCNT_RUN"                                4480     4480 1.934912e+07   2.239529e+03     0.600 (     0      0)     0.454 (  2792      0)
"a:CAM_run2"                                  4480     4480 1.935808e+07   4.007052e+05    95.261 (   263      0)    84.976 (  1195      0)
"a:CAM_run3"                                  4480     4480 1.935808e+07   1.366273e+06   334.812 (   592      0)   268.446 (  2679      0)
"a:PAT_remap"                                 4480     4480 1.161485e+08   7.532979e+05   254.344 (   771      0)   112.725 (  3010      0)
"a:CAM_run4"                                  4480     4480 1.935808e+07   1.993832e+04     5.490 (  4224      0)     4.247 (   267      0)
"a:CAM_run1"                                  4480     4480 1.935808e+07   1.941633e+06   483.603 (  2943      0)   370.405 (   850      0)
v2-overview-fcase-chrysalis-r0.F2010-CICE.ne30pg2_ne30pg2.70
"CPL:RUN_LOOP"                            -       4480     4480 1.935360e+07   1.922207e+06   429.140 (     0      0)   429.044 (  3717      0)
"CPL:ICE_RUN"                             -       4480     4480 1.935360e+07   1.842191e+04     5.477 (  3812      0)     3.021 (  4344      0)
"CPL:LND_RUN"                             -       4480     4480 1.935360e+07   4.133297e+04    14.826 (  3872      0)     6.374 (  3551      0)
"CPL:ATM_RUN"                             -       4480     4480 1.935360e+07   1.679225e+06   389.681 (  3653      0)   345.335 (  2219      0)
"CPL:OCNT_RUN"                            -       4480     4480 1.934912e+07   2.081351e+03     0.885 (     0      0)     0.433 (  1761      0)
"a:CAM_run2"                              -       4480     4480 1.935808e+07   2.494534e+05    63.928 (   192      0)    51.134 (  1839      0)
"a:CAM_run3"                              -       4480     4480 1.935808e+07   4.213805e+05    98.898 (   717      0)    89.653 (   920      0)
"a:PAT_remap"                             -       4480     4480 1.935808e+07   1.699519e+05    46.987 (  4478      0)    31.261 (  1207      0)
"a:CAM_run4"                              -       4480     4480 1.935808e+07   1.482910e+04     3.831 (  1216      0)     3.218 (   465      0)
"a:CAM_run1"                              -       4480     4480 1.935808e+07   9.916054e+05   238.125 (  3653      0)   187.325 (   670      0)
v2-overview-fcase-chrysalis-r0.FC5AV1C-L.ne30_ne30.85
"CPL:RUN_LOOP"                                5440     5440 2.350080e+07   3.708505e+06   681.739 (  4672      0)   681.667 (  1793      0)
"CPL:ICE_RUN"                                 5440     5440 2.350080e+07   2.615370e+04     5.887 (  4836      0)     4.126 (  3610      0)
"CPL:LND_RUN"                                 5440     5440 2.350080e+07   5.345262e+04    12.968 (  1207      0)     7.517 (  1832      0)
"CPL:ATM_RUN"                                 5440     5440 2.350080e+07   3.367766e+06   635.861 (  1743      0)   577.634 (  5238      0)
"CPL:OCNT_RUN"                                5440     5440 2.349536e+07   2.965446e+03     0.646 (  2671      0)     0.497 (  3626      0)
"a:CAM_run2"                                  5440     5440 2.350624e+07   3.877751e+05    73.465 (  4672      0)    63.106 (  5435      0)
"a:CAM_run3"                                  5440     5440 2.350624e+07   1.055905e+06   199.913 (  3255      0)     0.005 (  5413      0)
"a:PAT_remap"                                 5400     5400 1.400004e+08   7.373346e+05   148.729 (   317      0)   117.406 (  4957      0)
"a:CAM_run4"                                  5440     5440 2.350624e+07   2.189343e+04     4.834 (   192      0)     3.929 (    13      0)
"a:CAM_run1"                                  5440     5440 2.350624e+07   1.899325e+06   526.599 (  5404      0)   304.756 (  3273      0)
v2-overview-fcase-chrysalis-r0.F2010-CICE.ne30pg2_ne30pg2.85
"CPL:RUN_LOOP"                            -       5440     5440 2.350080e+07   1.815507e+06   333.797 (     0      0)   333.706 (  3401      0)
"CPL:ICE_RUN"                             -       5440     5440 2.350080e+07   2.028400e+04     4.962 (  5356      0)     2.896 (  5400      0)
"CPL:LND_RUN"                             -       5440     5440 2.350080e+07   4.856009e+04    12.233 (  1501      0)     5.991 (  4536      0)
"CPL:ATM_RUN"                             -       5440     5440 2.350080e+07   1.558596e+06   296.637 (  1587      0)   255.134 (  5415      0)
"CPL:OCNT_RUN"                            -       5440     5440 2.349536e+07   2.931338e+03     1.162 (     0      0)     0.488 (    86      0)
"a:CAM_run2"                              -       5440     5440 2.350624e+07   2.507419e+05    47.918 (   960      0)    31.136 (  5427      0)
"a:CAM_run3"                              -       5440     5440 2.350624e+07   3.062589e+05    58.862 (  1215      0)     0.005 (  5407      0)
"a:PAT_remap"                             -       5400     5400 2.333340e+07   1.178857e+05    22.938 (  5094      0)    20.166 (   628      0)
"a:CAM_run4"                              -       5440     5440 2.350624e+07   1.558659e+04     3.303 (  3648      0)     2.809 (   262      0)
"a:CAM_run1"                              -       5440     5440 2.350624e+07   9.833353e+05   228.503 (  5407      0)   152.179 (  1218      0)

