v2-overview-wccase-chrysalis-r0.A_WCYCL1850S_CMIP6.ne30_oECv3.S
"CPL:RUN_LOOP"                                       1920     1920 8.294400e+06   5.108468e+06  2661.953 (    64      0)  2657.363 (  1872      0)
"CPL:ICE_RUN"                                        1280     1280 5.529600e+06   1.798981e+05   217.774 (   576      0)   123.454 (    35      0)
"CPL:ATM_RUN"                                        1350     1350 5.832000e+06   2.973880e+06  2255.759 (    64      0)  2130.917 (  1345      0)
"CPL:LND_RUN"                                         128      128 5.529600e+05   1.085572e+04    97.445 (  1324      0)    68.337 (  1356      0)
"CPL:ROF_RUN"                                         128      128 9.216000e+04   1.232525e+03    12.309 (  1356      0)     7.521 (  1324      0)
"CPL:OCN_RUN"                                         512      512 2.211328e+06   1.234768e+06  2434.530 (  1565      0)  2350.395 (  1812      0)
"a:CAM_run2"                                         1350     1350 5.833350e+06   3.656928e+05   274.153 (  1210      0)   265.699 (   376      0)
"a:CAM_run3"                                         1350     1350 5.833350e+06   8.433099e+05   633.339 (   376      0)   616.682 (  1199      0)
"a:PAT_remap"                                        1350     1350 3.500010e+07   6.240436e+05   491.303 (    67      0)   427.352 (  1295      0)
"a:CAM_run4"                                         1350     1350 5.833350e+06   5.883493e+03     5.363 (     0      0)     4.190 (     4      0)
"a:CAM_run1"                                         1350     1350 5.833350e+06   1.758333e+06  1347.871 (    64      0)  1234.575 (  1345      0)
v2-overview-wccase-chrysalis-r0.WCYCL1850.ne30pg2_EC30to60E2r2.S
"CPL:RUN_LOOP"                                   -       1792     1792 7.741440e+06   2.590595e+06  1446.094 (     0      0)  1444.938 (  1665      0)
"CPL:ICE_RUN"                                    -       1344     1344 5.806080e+06   3.786882e+05   326.586 (   560      0)   278.386 (   189      0)
"CPL:ATM_RUN"                                    -       1350     1350 5.832000e+06   1.201364e+06   910.251 (   602      0)   868.650 (  1349      0)
"CPL:LND_RUN"                                    -         64       64 2.764800e+05   5.425277e+03    97.044 (  1351      0)    72.980 (  1388      0)
"CPL:ROF_RUN"                                    -         64       64 4.608000e+04   4.913637e+03    83.207 (  1346      0)    68.903 (  1391      0)
"CPL:OCN_RUN"                                    -        384      384 1.658496e+06   4.444013e+05  1170.679 (  1480      0)  1110.940 (  1621      0)
"a:CAM_run2"                                     -       1350     1350 5.833350e+06   1.995488e+05   150.270 (  1244      0)   144.690 (   124      0)
"a:CAM_run3"                                     -       1350     1350 5.833350e+06   2.347799e+05   176.342 (   117      0)   171.379 (  1075      0)
"a:PAT_remap"                                    -       1350     1350 5.833350e+06   9.007185e+04    68.782 (   317      0)    63.681 (   762      0)
"a:CAM_run4"                                     -       1350     1350 5.833350e+06   3.547879e+03     3.125 (     0      0)     2.519 (     7      0)
"a:CAM_run1"                                     -       1350     1350 5.833350e+06   7.628687e+05   584.087 (   602      0)   544.691 (  1349      0)
v2-overview-wccase-chrysalis-r0.A_WCYCL1850S_CMIP6.ne30_oECv3.M
"CPL:RUN_LOOP"                                       3840     3840 1.658880e+07   5.691403e+06  1483.242 (     0      0)  1479.457 (  3793      0)
"CPL:ICE_RUN"                                        2560     2560 1.105920e+07   2.422050e+05   140.299 (   905      0)    81.383 (   232      0)
"CPL:ATM_RUN"                                        2700     2700 1.166400e+07   3.187646e+06  1234.867 (    70      0)  1137.661 (  2697      0)
"CPL:LND_RUN"                                         192      192 8.294400e+05   1.056261e+04    63.573 (  2598      0)    46.187 (  2674      0)
"CPL:ROF_RUN"                                         192      192 1.382400e+05   1.250098e+03     8.101 (  2674      0)     5.045 (  2598      0)
"CPL:OCN_RUN"                                        1088     1088 4.699072e+06   1.379996e+06  1277.393 (  3778      0)  1224.849 (  3234      0)
"a:CAM_run2"                                         2700     2700 1.166670e+07   3.934295e+05   148.298 (  2688      0)   141.793 (    61      0)
"a:CAM_run3"                                         2700     2700 1.166670e+07   8.934747e+05   336.358 (    61      0)   326.076 (  2689      0)
"a:PAT_remap"                                        2700     2700 7.000020e+07   6.418520e+05   253.341 (  2434      0)   214.966 (  1424      0)
"a:CAM_run4"                                         2700     2700 1.166670e+07   1.172385e+04     5.285 (  2240      0)     4.234 (    76      0)
"a:CAM_run1"                                         2700     2700 1.166670e+07   1.887585e+06   752.890 (    70      0)   655.890 (  2697      0)
v2-overview-wccase-chrysalis-r0.WCYCL1850.ne30pg2_EC30to60E2r2.M
"CPL:RUN_LOOP"                                   -       3392     3392 1.465344e+07   2.809308e+06   828.516 (     0      0)   827.158 (  3220      0)
"CPL:ICE_RUN"                                    -       2560     2560 1.105920e+07   4.688225e+05   208.208 (  1792      0)   180.532 (  2100      0)
"CPL:ATM_RUN"                                    -       2752     2752 1.188864e+07   1.312771e+06   495.698 (  2516      0)   450.898 (  1019      0)
"CPL:LND_RUN"                                    -        192      192 8.294400e+05   5.714575e+03    34.296 (  2583      0)    25.040 (  2694      0)
"CPL:ROF_RUN"                                    -        192      192 1.382400e+05   1.332609e+03     7.702 (  2694      0)     6.163 (  2560      0)
"CPL:OCN_RUN"                                    -        640      640 2.764160e+06   4.859678e+05   767.624 (  3291      0)   719.994 (  3336      0)
"a:CAM_run2"                                     -       2752     2752 1.189139e+07   2.139987e+05    80.001 (  2496      0)    68.240 (  2740      0)
"a:CAM_run3"                                     -       2752     2752 1.189139e+07   2.612057e+05    96.514 (  1500      0)    90.782 (  2696      0)
"a:PAT_remap"                                    -       2752     2752 1.189139e+07   9.888814e+04    37.678 (  2701      0)    31.981 (  2696      0)
"a:CAM_run4"                                     -       2752     2752 1.189139e+07   8.268643e+03     3.620 (  2688      0)     2.939 (   136      0)
"a:CAM_run1"                                     -       2752     2752 1.189139e+07   8.279477e+05   322.077 (  2707      0)   274.787 (  2096      0)
v2-overview-wccase-chrysalis-r0.A_WCYCL1850S_CMIP6.ne30_oECv3.L
"CPL:RUN_LOOP"                                       7360     7360 3.179520e+07   6.718301e+06   913.478 (     0      0)   911.093 (  5962      0)
"CPL:ICE_RUN"                                        5120     5120 2.211840e+07   3.546690e+05    96.243 (  1879      0)    58.084 (    32      0)
"CPL:ATM_RUN"                                        5400     5400 2.332800e+07   3.445674e+06   660.227 (   141      0)   622.053 (  1976      0)
"CPL:LND_RUN"                                         320      320 1.382400e+06   1.110510e+04    39.469 (  5197      0)    28.553 (  5374      0)
"CPL:ROF_RUN"                                         320      320 2.304000e+05   1.500936e+03     5.946 (  5312      0)     3.620 (  5165      0)
"CPL:OCN_RUN"                                        1920     1920 8.292480e+06   1.661871e+06   872.026 (  6544      0)   838.574 (  5996      0)
"a:CAM_run2"                                         5400     5400 2.333340e+07   4.112917e+05    77.737 (  4753      0)    74.307 (  1211      0)
"a:CAM_run3"                                         5400     5400 2.333340e+07   1.060770e+06   201.788 (  4426      0)   191.431 (  5081      0)
"a:PAT_remap"                                        5400     5400 1.400004e+08   7.379165e+05   156.839 (  4417      0)   120.023 (  5102      0)
"a:CAM_run4"                                         5400     5400 2.333340e+07   2.402426e+04     5.719 (  3392      0)     4.344 (   312      0)
"a:CAM_run1"                                         5400     5400 2.333340e+07   1.946849e+06   383.828 (   141      0)   345.914 (  4458      0)
v2-overview-wccase-chrysalis-r0.WCYCL1850.ne30pg2_EC30to60E2r2.L
"CPL:RUN_LOOP"                                   -       6720     6720 2.903040e+07   3.414698e+06   508.611 (     0      0)   506.414 (  6097      0)
"CPL:ICE_RUN"                                    -       5120     5120 2.211840e+07   6.512636e+05   140.147 (  3558      0)   125.739 (  1707      0)
"CPL:ATM_RUN"                                    -       5400     5400 2.332800e+07   1.575149e+06   302.407 (  1626      0)   283.879 (  5241      0)
"CPL:LND_RUN"                                    -        320      320 1.382400e+06   6.283578e+03    22.632 (  5120      0)    15.335 (  5404      0)
"CPL:ROF_RUN"                                    -        320      320 2.304000e+05   1.481470e+03     5.323 (  5344      0)     4.018 (  5146      0)
"CPL:OCN_RUN"                                    -       1280     1280 5.528320e+06   5.794362e+05   460.769 (  6555      0)   424.720 (  6274      0)
"a:CAM_run2"                                     -       5400     5400 2.333340e+07   2.590464e+05    49.259 (  1664      0)    46.613 (  2039      0)
"a:CAM_run3"                                     -       5400     5400 2.333340e+07   3.094584e+05    59.080 (  1556      0)    55.497 (  4168      0)
"a:PAT_remap"                                    -       5400     5400 2.333340e+07   1.188850e+05    23.260 (  1274      0)    20.055 (  1611      0)
"a:CAM_run4"                                     -       5400     5400 2.333340e+07   1.718127e+04     3.692 (   448      0)     3.127 (   134      0)
"a:CAM_run1"                                     -       5400     5400 2.333340e+07   9.861206e+05   193.692 (  1626      0)   174.187 (  5241      0)
