# hy sl-gpu-perf.hy table "data/qsize10/*" >  summary-table.txt
# hy sl-gpu-perf.hy table "data/qsize40/*" >> summary-table.txt

>>> ne   32 qsize 10 nmax  4096 alg Eul    main_loop
   1  387.55   9.27
   2  225.61  15.92
   4  140.36  25.58
   8   85.03  42.23
  16   55.48  64.73
>>> ne   32 qsize 10 nmax  4096 alg SL     main_loop
   1  268.90  13.35  1.44
   2  158.10  22.71  1.43
   4   98.94  36.30  1.42
   8   60.98  58.89  1.39
  16   40.46  88.76  1.37
>>> ne   32 qsize 10 nmax  4096 alg Eul    advection
   1  125.48  28.62
   2   73.74  48.70
   4   46.64  76.99
   8   29.34 122.38
  16   19.91 180.35
>>> ne   32 qsize 10 nmax  4096 alg SL     advection
   1   17.40 206.34  7.21
   2   11.64 308.59  6.34
   4    8.26 435.01  5.65
   8    6.55 548.41  4.48
  16    5.68 632.55  3.51
>>> ne   64 qsize 10 nmax  4096 alg Eul    main_loop
   4  416.64   4.31
   8  238.35   7.53
  16  142.50  12.60
  32   86.42  20.78
  64   56.77  31.63
>>> ne   64 qsize 10 nmax  4096 alg SL     main_loop
   4  287.93   6.24  1.45
   8  164.96  10.88  1.44
  16  100.43  17.88  1.42
  32   61.31  29.28  1.41
  64   40.78  44.03  1.39
>>> ne   64 qsize 10 nmax  4096 alg Eul    advection
   4  138.88  12.93
   8   81.56  22.02
  16   48.37  37.12
  32   31.43  57.12
  64   21.44  83.74
>>> ne   64 qsize 10 nmax  4096 alg SL     advection
   4   19.74  90.97  7.04
   8   12.87 139.54  6.34
  16    9.05 198.44  5.35
  32    6.89 260.56  4.56
  64    5.97 300.65  3.59
>>> ne  128 qsize 10 nmax  4096 alg Eul    main_loop
  16  419.03   2.14
  32  239.50   3.75
  64  143.91   6.24
 128   87.11  10.31
 256   57.90  15.51
>>> ne  128 qsize 10 nmax  4096 alg SL     main_loop
  16  289.90   3.10  1.45
  32  166.22   5.40  1.44
  64  102.15   8.79  1.41
 128   61.85  14.51  1.41
 256   41.91  21.42  1.38
>>> ne  128 qsize 10 nmax  4096 alg Eul    advection
  16  140.45   6.39
  32   82.30  10.91
  64   49.33  18.20
 128   31.79  28.24
 256   21.67  41.44
>>> ne  128 qsize 10 nmax  4096 alg SL     advection
  16   20.89  42.98  6.72
  32   13.69  65.57  6.01
  64    9.94  90.28  4.96
 128    7.55 118.97  4.21
 256    7.09 126.59  3.05
>>> ne  256 qsize 10 nmax  4096 alg Eul    main_loop
  64  394.79   1.14
 128  225.59   1.99
 256  135.76   3.31
 512   82.09   5.47
1024   53.87   8.33
>>> ne  256 qsize 10 nmax  4096 alg SL     main_loop
  64  267.14   1.68  1.48
 128  152.93   2.94  1.48
 256   93.98   4.78  1.44
 512   58.69   7.65  1.40
1024   40.65  11.04  1.33
>>> ne  256 qsize 10 nmax  4096 alg Eul    advection
  64  141.08   3.18
 128   83.49   5.38
 256   49.84   9.01
 512   32.02  14.02
1024   22.85  19.64
>>> ne  256 qsize 10 nmax  4096 alg SL     advection
  64   23.07  19.46  6.12
 128   15.34  29.27  5.44
 256   11.69  38.40  4.26
 512   10.07  44.56  3.18
1024    9.66  46.48  2.37
>>> ne  512 qsize 10 nmax  4096 alg Eul    main_loop
 256  403.25   0.56
 512  230.80   0.97
1024  138.74   1.62
2048   83.53   2.69
4096   54.60   4.11
>>> ne  512 qsize 10 nmax  4096 alg SL     main_loop
 256  276.06   0.81  1.46
 512  158.33   1.42  1.46
1024   96.78   2.32  1.43
2048   61.33   3.66  1.36
4096   43.87   5.12  1.24
>>> ne  512 qsize 10 nmax  4096 alg Eul    advection
 256  150.24   1.49
 512   86.83   2.58
1024   52.55   4.27
2048   34.01   6.60
4096   23.55   9.53
>>> ne  512 qsize 10 nmax  4096 alg SL     advection
 256   29.93   7.50  5.02
 512   20.41  10.99  4.25
1024   14.40  15.59  3.65
2048   12.91  17.38  2.63
4096   12.89  17.41  1.83
>>> ne 1024 qsize 10 nmax  4096 alg Eul    main_loop
1024  383.49   0.29
2048  225.43   0.50
4096  132.30   0.85
4600  120.84   0.93
>>> ne 1024 qsize 10 nmax  4096 alg SL     main_loop
1024  253.64   0.44  1.51
2048  146.66   0.77  1.54
4096   89.18   1.26  1.48
4600   81.39   1.38  1.48
>>> ne 1024 qsize 10 nmax  4096 alg Eul    advection
1024  156.15   0.72
2048   93.65   1.20
4096   55.86   2.01
4600   54.51   2.06
>>> ne 1024 qsize 10 nmax  4096 alg SL     advection
1024   37.59   2.99  4.15
2048   25.10   4.47  3.73
4096   16.81   6.67  3.32
4600   18.06   6.21  3.02

>>> ne   32 qsize 40 nmax  4096 alg Eul    main_loop
   2  421.16   8.53
   4  258.18  13.91
   8  150.89  23.80
  16   97.75  36.74
>>> ne   32 qsize 40 nmax  4096 alg SL     main_loop
   2  175.77  20.43  2.40
   4  108.18  33.19  2.39
   8   66.24  54.21  2.28
  16   43.64  82.28  2.24
>>> ne   32 qsize 40 nmax  4096 alg Eul    advection
   2  250.89  14.31
   4  156.01  23.02
   8   90.62  39.63
  16   59.96  59.89
>>> ne   32 qsize 40 nmax  4096 alg SL     advection
   2   24.02 149.50 10.44
   4   14.87 241.58 10.49
   8   10.58 339.32  8.56
  16    8.24 435.91  7.28
>>> ne   64 qsize 40 nmax  4096 alg Eul    main_loop
   8  449.29   4.00
  16  265.91   6.75
  32  158.53  11.33
  64  100.81  17.81
>>> ne   64 qsize 40 nmax  4096 alg SL     main_loop
   8  183.07   9.81  2.45
  16  111.58  16.09  2.38
  32   66.96  26.81  2.37
  64   44.44  40.40  2.27
>>> ne   64 qsize 40 nmax  4096 alg Eul    advection
   8  276.86   6.49
  16  162.14  11.07
  32   98.62  18.21
  64   62.92  28.53
>>> ne   64 qsize 40 nmax  4096 alg SL     advection
   8   26.36  68.13 10.50
  16   16.52 108.69  9.82
  32   11.53 155.67  8.55
  64    9.08 197.72  6.93
>>> ne  128 qsize 40 nmax  4096 alg Eul    main_loop
  32  462.74   1.94
  64  271.64   3.30
 128  161.37   5.56
 256  106.48   8.43
>>> ne  128 qsize 40 nmax  4096 alg SL     main_loop
  32  189.21   4.74  2.45
  64  111.73   8.03  2.43
 128   68.33  13.14  2.36
 256   45.94  19.54  2.32
>>> ne  128 qsize 40 nmax  4096 alg Eul    advection
  32  286.09   3.14
  64  167.58   5.36
 128  100.49   8.93
 256   68.20  13.16
>>> ne  128 qsize 40 nmax  4096 alg SL     advection
  32   28.75  31.23  9.95
  64   17.44  51.47  9.61
 128   12.61  71.19  7.97
 256   10.59  84.77  6.44
>>> ne  256 qsize 40 nmax  4096 alg Eul    main_loop
 128  484.17   0.93
 256  271.37   1.65
 512  164.42   2.73
1024  106.29   4.22
>>> ne  256 qsize 40 nmax  4096 alg SL     main_loop
 128  176.37   2.55  2.75
 256  103.62   4.33  2.62
 512   64.87   6.92  2.53
1024   44.30  10.13  2.40
>>> ne  256 qsize 40 nmax  4096 alg Eul    advection
 128  319.46   1.41
 256  175.92   2.55
 512  108.76   4.13
1024   71.77   6.25
>>> ne  256 qsize 40 nmax  4096 alg SL     advection
 128   31.77  14.13 10.06
 256   19.23  23.34  9.15
 512   15.33  29.28  7.09
1024   12.79  35.09  5.61
>>> ne  512 qsize 40 nmax  4096 alg Eul    main_loop
 512  465.33   0.48
1024  303.60   0.74
4096  109.56   2.05
>>> ne  512 qsize 40 nmax  4096 alg SL     main_loop
 512  178.47   1.26  2.61
1024  106.66   2.10  2.85
4096   48.28   4.65  2.27
>>> ne  512 qsize 40 nmax  4096 alg Eul    advection
 512  305.57   0.73
1024  208.80   1.07
4096   75.02   2.99
>>> ne  512 qsize 40 nmax  4096 alg SL     advection
 512   35.69   6.29  8.56
1024   22.33  10.05  9.35
4096   16.80  13.36  4.47
>>> ne 1024 qsize 40 nmax  4096 alg Eul    main_loop
2048  461.20   0.24
4096  274.52   0.41
4600  257.60   0.44
>>> ne 1024 qsize 40 nmax  4096 alg SL     main_loop
2048  167.22   0.67  2.76
4096   99.70   1.13  2.75
4600   90.23   1.24  2.85
>>> ne 1024 qsize 40 nmax  4096 alg Eul    advection
2048  311.39   0.36
4096  188.86   0.59
4600  182.00   0.62
>>> ne 1024 qsize 40 nmax  4096 alg SL     advection
2048   41.31   2.72  7.54
4096   25.55   4.39  7.39
4600   25.07   4.48  7.26
