# summary data for curves in fig 12
KNL 64x2
[  96  150  216  294  384  486  600  726 1536]
[ 1.64475611  1.86696593  2.0812354   2.28728454  2.45719979  2.50271135
  2.48586696  2.60487805  2.76697405]
KNL 1x128
[  24   54   96  150  216  294  384  486  600  726 1536]
[ 1.30219311  1.88981675  2.0078392   2.13421745  2.29598082  2.3931892
  2.47264315  2.56638797  2.40810203  2.60162667  2.63852761]
IB 24x1
[  24   54   96  150  216  294  384  486  600  726 1536]
[ 1.00404706  0.85496876  0.82663534  0.82996424  0.81901747  0.8398459
  0.84082446  0.83105981  0.81924328  0.82784333  0.82495109]
Power9 40x2
[  54   96  150  216  294  384  486  600  726 1536]
[ 1.13372278  1.31501448  1.59522801  1.59860454  1.65732313  1.68310543
  1.68307273  1.75875955  1.72977459  1.78594762]
SKX 48x1
[  54   96  150  216  294  384  486  600  726 1536]
[ 1.78450222  2.26605797  2.01649718  1.83040402  1.99956322  2.03723235
  2.0266633   1.9793433   2.0128972   1.98755315]
SKX 24x2
[  24   54   96  150  216  294  384  486  600  726 1536]
[ 2.21274242  2.04783526  2.30538254  2.02856781  2.05753873  1.99651112
  2.07728937  2.03115502  2.04114075  2.02901554  1.99770848]
V100
[  24   54   96  150  216  294  384  486  600  726 1536]
[ 1.62725308  2.69488744  3.30163968  3.7669823   3.96391498  4.11981745
  4.20649393  4.30434783  4.36675282  4.40179849  4.46728066]
HSW 32x2
[  54   96  150  216  294  384  486  600  726 1536]
[ 1.33064617  1.20874391  1.13929454  1.13896138  1.13807799  1.15869546
  1.15574612  1.15569477  1.14582114  1.11541055]
HSW 2x32
[  24   54   96  150  216  294  384  486  600  726 1536]
[ 1.29978678  1.29259087  1.15289881  1.11224951  1.10219229  1.13943359
  1.13547108  1.16253194  1.1356199   1.14643104  1.1034294 ]
TX2 56x4
[  96  150  216  294  384  486  600  726 1536]
[ 1.19820359  1.2767866   1.38330171  1.3638627   1.44321916  1.43880503
  1.44392965  1.47194569  1.50024418]
