FC5AV1C-L.ne30_ne30.5
"CPL:RUN_LOOP"                                 320      320 1.382400e+06   3.218811e+06 10058.968 (   319      0) 10058.611 (    50      0)
"CPL:ICE_RUN"                                  320      320 1.382400e+06   1.273003e+03     4.810 (    37      0)     3.243 (    94      0)
"CPL:LND_RUN"                                  320      320 1.382400e+06   1.091944e+04    38.606 (    45      0)    25.962 (   165      0)
"CPL:ATM_RUN"                                  320      320 1.382400e+06   3.079564e+06  9890.359 (    95      0)  9462.499 (   234      0)
"CPL:OCNT_RUN"                                 320      320 1.382080e+06   1.299704e+02     0.529 (     0      0)     0.337 (   182      0)
"a:CAM_run2"                                   320      320 1.382720e+06   3.717092e+05  1175.721 (   260      0)  1146.938 (   111      0)
"a:CAM_run3"                                   320      320 1.382720e+06   1.063711e+06  3348.473 (    14      0)  3257.342 (   303      0)
"a:PAT_remap"                                  320      320 8.296320e+06   8.580083e+05  2754.611 (   204      0)  2354.178 (   312      0)
"a:CAM_run4"                                   320      320 1.382720e+06   1.805205e+03     7.284 (     0      0)     5.196 (     2      0)
"a:CAM_run1"                                   320      320 1.382720e+06   1.642090e+06  5392.851 (    95      0)  4960.976 (   230      0)
F2010-CICE.ne30pg2_ne30pg2.5
"CPL:RUN_LOOP"                            -        320      320 1.382400e+06   1.277082e+06  3990.917 (     0      0)  3990.784 (   154      0)
"CPL:ICE_RUN"                             -        320      320 1.382400e+06   1.068180e+03     4.218 (     0      0)     2.617 (   220      0)
"CPL:LND_RUN"                             -        320      320 1.382400e+06   6.531396e+03    23.749 (    20      0)    17.006 (   225      0)
"CPL:ATM_RUN"                             -        320      320 1.382400e+06   1.235163e+06  3916.525 (   256      0)  3804.246 (   183      0)
"CPL:OCNT_RUN"                            -        320      320 1.382080e+06   1.088477e+02     1.066 (     0      0)     0.292 (   181      0)
"a:CAM_run2"                              -        320      320 1.382720e+06   2.227515e+05   706.811 (   223      0)   673.734 (   315      0)
"a:CAM_run3"                              -        320      320 1.382720e+06   2.455172e+05   782.213 (    38      0)   754.631 (   221      0)
"a:PAT_remap"                             -        320      320 1.382720e+06   1.037752e+05   329.241 (    57      0)   311.306 (   282      0)
"a:CAM_run4"                              -        320      320 1.382720e+06   1.130811e+03     4.269 (    64      0)     3.182 (     4      0)
"a:CAM_run1"                              -        320      320 1.382720e+06   7.655907e+05  2451.595 (   282      0)  2335.524 (   183      0)
FC5AV1C-L.ne30_ne30.10
"CPL:RUN_LOOP"                                 640      640 2.764800e+06   3.186861e+06  4979.584 (   256      0)  4979.358 (   197      0)
"CPL:ICE_RUN"                                  640      640 2.764800e+06   2.371769e+03     5.024 (   295      0)     2.905 (   542      0)
"CPL:LND_RUN"                                  640      640 2.764800e+06   1.300135e+04    23.408 (    89      0)    14.513 (   521      0)
"CPL:ATM_RUN"                                  640      640 2.764800e+06   3.013925e+06  4884.542 (   128      0)  4612.315 (    63      0)
"CPL:OCNT_RUN"                                 640      640 2.764160e+06   2.482900e+02     0.486 (   331      0)     0.321 (   177      0)
"a:CAM_run2"                                   640      640 2.765440e+06   3.691550e+05   585.230 (   221      0)   562.424 (   467      0)
"a:CAM_run3"                                   640      640 2.765440e+06   9.935268e+05  1577.101 (   212      0)  1522.922 (   624      0)
"a:PAT_remap"                                  640      640 1.659264e+07   7.352180e+05  1270.746 (   229      0)   987.322 (   469      0)
"a:CAM_run4"                                   640      640 2.765440e+06   2.900545e+03     5.751 (   448      0)     4.238 (    68      0)
"a:CAM_run1"                                   640      640 2.765440e+06   1.647975e+06  2725.631 (   256      0)  2457.687 (    63      0)
F2010-CICE.ne30pg2_ne30pg2.10
"CPL:RUN_LOOP"                            -        640      640 2.764800e+06   1.333541e+06  2083.714 (     0      0)  2083.595 (   133      0)
"CPL:ICE_RUN"                             -        640      640 2.764800e+06   2.096874e+03     4.242 (   534      0)     2.634 (    58      0)
"CPL:LND_RUN"                             -        640      640 2.764800e+06   8.468822e+03    15.370 (   318      0)    11.006 (   495      0)
"CPL:ATM_RUN"                             -        640      640 2.764800e+06   1.272175e+06  2036.256 (    64      0)  1941.104 (   557      0)
"CPL:OCNT_RUN"                            -        640      640 2.764160e+06   2.052722e+02     0.745 (     0      0)     0.289 (   637      0)
"a:CAM_run2"                              -        640      640 2.765440e+06   2.191558e+05   357.383 (   195      0)   329.108 (   506      0)
"a:CAM_run3"                              -        640      640 2.765440e+06   2.595384e+05   413.128 (   317      0)   400.261 (   517      0)
"a:PAT_remap"                             -        640      640 2.765440e+06   1.074401e+05   177.333 (   195      0)   159.622 (   490      0)
"a:CAM_run4"                              -        640      640 2.765440e+06   1.776552e+03     3.651 (   384      0)     2.574 (    73      0)
"a:CAM_run1"                              -        640      640 2.765440e+06   7.914085e+05  1276.584 (   320      0)  1195.041 (   557      0)
FC5AV1C-L.ne30_ne30.20
"CPL:RUN_LOOP"                                1280     1280 5.529600e+06   3.282217e+06  2564.323 (   419      0)  2564.133 (     8      0)
"CPL:ICE_RUN"                                 1280     1280 5.529600e+06   4.456302e+03     4.433 (   997      0)     2.334 (  1279      0)
"CPL:LND_RUN"                                 1280     1280 5.529600e+06   1.735162e+04    16.487 (  1216      0)    10.416 (  1096      0)
"CPL:ATM_RUN"                                 1280     1280 5.529600e+06   3.082475e+06  2513.711 (   704      0)  2306.493 (   313      0)
"CPL:OCNT_RUN"                                1280     1280 5.528320e+06   4.799411e+02     0.457 (     0      0)     0.335 (   504      0)
"a:CAM_run2"                                  1280     1280 5.530880e+06   3.728073e+05   298.646 (   256      0)   282.450 (   480      0)
"a:CAM_run3"                                  1280     1280 5.530880e+06   9.759575e+05   793.817 (   133      0)   728.565 (  1251      0)
"a:PAT_remap"                                 1280     1280 3.318528e+07   6.371483e+05   621.323 (   127      0)   420.034 (   299      0)
"a:CAM_run4"                                  1280     1280 5.530880e+06   5.109241e+03     5.079 (  1216      0)     3.786 (   140      0)
"a:CAM_run1"                                  1280     1280 5.530880e+06   1.728019e+06  1456.333 (   704      0)  1231.019 (   124      0)
F2010-CICE.ne30pg2_ne30pg2.20
"CPL:RUN_LOOP"                            -       1280     1280 5.529600e+06   1.394071e+06  1089.184 (     0      0)  1089.079 (   833      0)
"CPL:ICE_RUN"                             -       1280     1280 5.529600e+06   3.850657e+03     4.005 (    35      0)     2.328 (    91      0)
"CPL:LND_RUN"                             -       1280     1280 5.529600e+06   1.268331e+04    12.091 (  1042      0)     7.525 (  1256      0)
"CPL:ATM_RUN"                             -       1280     1280 5.529600e+06   1.308842e+06  1053.173 (  1216      0)   975.839 (   547      0)
"CPL:OCNT_RUN"                            -       1280     1280 5.528320e+06   4.786082e+02     0.768 (     0      0)     0.330 (   935      0)
"a:CAM_run2"                              -       1280     1280 5.530880e+06   2.123084e+05   177.044 (     1      0)   159.895 (   749      0)
"a:CAM_run3"                              -       1280     1280 5.530880e+06   2.763158e+05   219.269 (   186      0)   212.364 (   319      0)
"a:PAT_remap"                             -       1280     1280 5.530880e+06   1.076568e+05    89.389 (  1251      0)    78.025 (   961      0)
"a:CAM_run4"                              -       1280     1280 5.530880e+06   3.566594e+03     3.247 (     0      0)     2.670 (   136      0)
"a:CAM_run1"                              -       1280     1280 5.530880e+06   8.160959e+05   669.224 (  1222      0)   585.040 (    33      0)
FC5AV1C-L.ne30_ne30.38
"CPL:RUN_LOOP"                                2432     2432 1.050624e+07   3.605002e+06  1482.380 (  1163      0)  1482.199 (     1      0)
"CPL:ICE_RUN"                                 2432     2432 1.050624e+07   8.653526e+03     4.904 (  2082      0)     2.776 (  2394      0)
"CPL:LND_RUN"                                 2432     2432 1.050624e+07   2.766443e+04    16.586 (  1417      0)     8.557 (   399      0)
"CPL:ATM_RUN"                                 2432     2432 1.050624e+07   3.388617e+06  1428.740 (  2368      0)  1317.285 (  2405      0)
"CPL:OCNT_RUN"                                2432     2432 1.050381e+07   9.630474e+02     0.482 (  1279      0)     0.364 (  1417      0)
"a:CAM_run2"                                  2432     2432 1.050867e+07   3.828984e+05   162.165 (   512      0)   152.594 (  1311      0)
"a:CAM_run3"                                  2432     2432 1.050867e+07   1.116931e+06   489.227 (    73      0)   426.625 (  2283      0)
"a:PAT_remap"                                 2432     2432 6.305203e+07   6.649213e+05   384.708 (   131      0)   207.587 (  1682      0)
"a:CAM_run4"                                  2432     2432 1.050867e+07   9.336187e+03     4.833 (  2304      0)     3.676 (    15      0)
"a:CAM_run1"                                  2432     2432 1.050867e+07   1.878419e+06   833.475 (  2368      0)   716.788 (   190      0)
F2010-CICE.ne30pg2_ne30pg2.38
"CPL:RUN_LOOP"                            -       2432     2432 1.050624e+07   1.518307e+06   624.354 (     0      0)   624.280 (   258      0)
"CPL:ICE_RUN"                             -       2432     2432 1.050624e+07   8.604936e+03     5.695 (   303      0)     2.337 (  2424      0)
"CPL:LND_RUN"                             -       2432     2432 1.050624e+07   2.228972e+04    13.474 (  1814      0)     6.641 (   159      0)
"CPL:ATM_RUN"                             -       2432     2432 1.050624e+07   1.387051e+06   588.943 (   320      0)   532.174 (  1964      0)
"CPL:OCNT_RUN"                            -       2432     2432 1.050381e+07   9.645401e+02     0.824 (     0      0)     0.356 (  2093      0)
"a:CAM_run2"                              -       2432     2432 1.050867e+07   2.142328e+05    97.625 (    68      0)    83.209 (  1978      0)
"a:CAM_run3"                              -       2432     2432 1.050867e+07   3.264893e+05   137.226 (    42      0)   129.289 (   537      0)
"a:PAT_remap"                             -       2432     2432 1.050867e+07   1.252052e+05    58.331 (  2364      0)    46.420 (  1903      0)
"a:CAM_run4"                              -       2432     2432 1.050867e+07   6.624168e+03     3.199 (   384      0)     2.645 (    15      0)
"a:CAM_run1"                              -       2432     2432 1.050867e+07   8.386795e+05   362.938 (   573      0)   304.112 (   252      0)
FC5AV1C-L.ne30_ne30.43
"CPL:RUN_LOOP"                                2752     2752 1.188864e+07   3.441429e+06  1250.553 (   527      0)  1250.468 (     1      0)
"CPL:ICE_RUN"                                 2752     2752 1.188864e+07   1.147032e+04     5.429 (    98      0)     3.441 (  2650      0)
"CPL:LND_RUN"                                 2752     2752 1.188864e+07   2.920317e+04    14.626 (  1984      0)     7.552 (  2655      0)
"CPL:ATM_RUN"                                 2752     2752 1.188864e+07   3.183123e+06  1201.856 (    64      0)  1079.691 (  2728      0)
"CPL:OCNT_RUN"                                2752     2752 1.188589e+07   1.168249e+03     0.516 (     0      0)     0.385 (  1441      0)
"a:CAM_run2"                                  2752     2752 1.189139e+07   3.908207e+05   144.565 (  2368      0)   134.972 (  2712      0)
"a:CAM_run3"                                  2752     2752 1.189139e+07   9.296577e+05   342.941 (  1750      0)   320.393 (  2709      0)
"a:PAT_remap"                                 2752     2752 7.134835e+07   6.571620e+05   259.568 (  1472      0)   143.451 (  2709      0)
"a:CAM_run4"                                  2752     2752 1.189139e+07   1.053456e+04     4.721 (  2688      0)     3.696 (    18      0)
"a:CAM_run1"                                  2752     2752 1.189139e+07   1.850952e+06   714.165 (    64      0)   601.559 (  2557      0)
F2010-CICE.ne30pg2_ne30pg2.43
"CPL:RUN_LOOP"                            -       2752     2752 1.188864e+07   1.445553e+06   525.331 (     0      0)   525.219 (  1733      0)
"CPL:ICE_RUN"                             -       2752     2752 1.188864e+07   9.178118e+03     4.569 (  2464      0)     2.375 (  2744      0)
"CPL:LND_RUN"                             -       2752     2752 1.188864e+07   2.456155e+04    12.710 (  2331      0)     6.469 (  1183      0)
"CPL:ATM_RUN"                             -       2752     2752 1.188864e+07   1.304115e+06   489.898 (  1344      0)   447.098 (  1721      0)
"CPL:OCNT_RUN"                            -       2752     2752 1.188589e+07   1.232419e+03     0.856 (     0      0)     0.391 (  2573      0)
"a:CAM_run2"                              -       2752     2752 1.189139e+07   2.107930e+05    78.695 (  1920      0)    67.119 (  2665      0)
"a:CAM_run3"                              -       2752     2752 1.189139e+07   2.641104e+05    97.781 (   420      0)    91.569 (  2733      0)
"a:PAT_remap"                             -       2752     2752 1.189139e+07   1.009480e+05    38.276 (  2747      0)    32.491 (  2696      0)
"a:CAM_run4"                              -       2752     2752 1.189139e+07   8.084590e+03     3.379 (  2688      0)     2.867 (    15      0)
"a:CAM_run1"                              -       2752     2752 1.189139e+07   8.196838e+05   318.998 (  2695      0)   271.210 (   111      0)
FC5AV1C-L.ne30_ne30.45
"CPL:RUN_LOOP"                                2880     2880 1.244160e+07   3.581812e+06  1243.700 (     0      0)  1243.670 (  2561      0)
"CPL:ICE_RUN"                                 2880     2880 1.244160e+07   1.237889e+04     5.518 (  2082      0)     3.464 (  1226      0)
"CPL:LND_RUN"                                 2880     2880 1.244160e+07   3.307223e+04    14.187 (    64      0)     8.487 (  2079      0)
"CPL:ATM_RUN"                                 2880     2880 1.244160e+07   3.257731e+06  1196.060 (     0      0)  1076.407 (  2353      0)
"CPL:OCNT_RUN"                                2880     2880 1.243872e+07   1.253046e+03     0.550 (   380      0)     0.392 (   432      0)
"a:CAM_run2"                                  2880     2880 1.244448e+07   3.942607e+05   143.041 (  2370      0)   119.597 (  2717      0)
"a:CAM_run3"                                  2880     2880 1.244448e+07   9.695007e+05   356.786 (  2128      0)   310.283 (  2554      0)
"a:PAT_remap"                                 2880     2880 7.466688e+07   6.626956e+05   258.818 (  1791      0)   121.646 (  2556      0)
"a:CAM_run4"                                  2880     2880 1.244448e+07   1.163984e+04     5.692 (  2688      0)     3.906 (    18      0)
"a:CAM_run1"                                  2880     2880 1.244448e+07   1.881113e+06   718.850 (  2752      0)   597.866 (  2353      0)
F2010-CICE.ne30pg2_ne30pg2.45
"CPL:RUN_LOOP"                            -       2880     2880 1.244160e+07   1.524442e+06   529.387 (     0      0)   529.279 (  1732      0)
"CPL:ICE_RUN"                             -       2880     2880 1.244160e+07   1.150411e+04     5.915 (  2089      0)     2.750 (  2713      0)
"CPL:LND_RUN"                             -       2880     2880 1.244160e+07   2.901124e+04    13.843 (  1092      0)     6.944 (  2699      0)
"CPL:ATM_RUN"                             -       2880     2880 1.244160e+07   1.347779e+06   491.687 (   727      0)   451.059 (  1010      0)
"CPL:OCNT_RUN"                            -       2880     2880 1.243872e+07   1.297830e+03     1.025 (     0      0)     0.391 (   402      0)
"a:CAM_run2"                              -       2880     2880 1.244448e+07   2.171099e+05    78.208 (   192      0)    66.188 (  2583      0)
"a:CAM_run3"                              -       2880     2880 1.244448e+07   2.733417e+05    96.939 (  2766      0)    90.386 (  2523      0)
"a:PAT_remap"                             -       2880     2880 1.244448e+07   1.033274e+05    37.882 (  2864      0)    31.474 (  2824      0)
"a:CAM_run4"                              -       2880     2880 1.244448e+07   8.681351e+03     3.768 (  2816      0)     2.953 (    15      0)
"a:CAM_run1"                              -       2880     2880 1.244448e+07   8.471921e+05   321.846 (  2692      0)   275.447 (   382      0)
FC5AV1C-L.ne30_ne30.49
"CPL:RUN_LOOP"                                3136     3136 1.354752e+07   3.338917e+06  1064.763 (    64      0)  1064.654 (   964      0)
"CPL:ICE_RUN"                                 3136     3136 1.354752e+07   1.166473e+04     4.456 (   143      0)     3.128 (  2767      0)
"CPL:LND_RUN"                                 3136     3136 1.354752e+07   3.283651e+04    13.967 (  2414      0)     7.978 (  1631      0)
"CPL:ATM_RUN"                                 3136     3136 1.354752e+07   3.099897e+06  1026.026 (  1600      0)   959.313 (   285      0)
"CPL:OCNT_RUN"                                3136     3136 1.354438e+07   1.355756e+03     0.545 (     0      0)     0.396 (  2000      0)
"a:CAM_run2"                                  3136     3136 1.355066e+07   3.676478e+05   121.068 (  1414      0)   109.326 (  3067      0)
"a:CAM_run3"                                  3136     3136 1.355066e+07   1.038192e+06   342.470 (   705      0)   306.795 (  2729      0)
"a:PAT_remap"                                 3136     3136 8.130394e+07   6.784980e+05   260.649 (  1856      0)   121.057 (  2575      0)
"a:CAM_run4"                                  3136     3136 1.355066e+07   1.167149e+04     4.566 (  2624      0)     3.603 (    18      0)
"a:CAM_run1"                                  3136     3136 1.355066e+07   1.681132e+06   585.214 (  2880      0)   498.814 (   285      0)
F2010-CICE.ne30pg2_ne30pg2.49
"CPL:RUN_LOOP"                            -       3136     3136 1.354752e+07   1.590358e+06   507.176 (     0      0)   507.078 (    17      0)
"CPL:ICE_RUN"                             -       3136     3136 1.354752e+07   1.196701e+04     6.194 (  2530      0)     3.023 (  3019      0)
"CPL:LND_RUN"                             -       3136     3136 1.354752e+07   3.034682e+04    17.433 (  2430      0)     6.488 (  1407      0)
"CPL:ATM_RUN"                             -       3136     3136 1.354752e+07   1.412031e+06   466.090 (  1906      0)   416.008 (  2686      0)
"CPL:OCNT_RUN"                            -       3136     3136 1.354438e+07   1.357938e+03     0.845 (     0      0)     0.395 (  2417      0)
"a:CAM_run2"                              -       3136     3136 1.355066e+07   2.284215e+05    76.686 (  1287      0)    64.509 (  2836      0)
"a:CAM_run3"                              -       3136     3136 1.355066e+07   2.994625e+05    98.490 (   241      0)    90.433 (  2266      0)
"a:PAT_remap"                             -       3136     3136 1.355066e+07   1.139058e+05    39.794 (  2400      0)    32.571 (  3080      0)
"a:CAM_run4"                              -       3136     3136 1.355066e+07   7.569539e+03     2.922 (  2752      0)     2.347 (    15      0)
"a:CAM_run1"                              -       3136     3136 1.355066e+07   8.752158e+05   297.752 (  2584      0)   244.404 (  1962      0)
FC5AV1C-L.ne30_ne30.51
"CPL:RUN_LOOP"                                3264     3264 1.410048e+07   3.384143e+06  1036.848 (  2304      0)  1036.785 (  2881      0)
"CPL:ICE_RUN"                                 3264     3264 1.410048e+07   1.298584e+04     5.306 (  2978      0)     3.302 (   731      0)
"CPL:LND_RUN"                                 3264     3264 1.410048e+07   3.310312e+04    13.362 (  2153      0)     7.595 (   444      0)
"CPL:ATM_RUN"                                 3264     3264 1.410048e+07   3.159167e+06   993.591 (  2304      0)   925.217 (  2597      0)
"CPL:OCNT_RUN"                                3264     3264 1.409722e+07   1.428874e+03     0.537 (  2344      0)     0.404 (  2808      0)
"a:CAM_run2"                                  3264     3264 1.410374e+07   3.784689e+05   119.210 (   320      0)   111.222 (  2261      0)
"a:CAM_run3"                                  3264     3264 1.410374e+07   1.059438e+06   334.543 (   369      0)   300.182 (  2534      0)
"a:PAT_remap"                                 3264     3264 8.462246e+07   6.850893e+05   256.101 (  1732      0)   120.658 (  2703      0)
"a:CAM_run4"                                  3264     3264 1.410374e+07   1.262513e+04     4.746 (  2176      0)     3.757 (   202      0)
"a:CAM_run1"                                  3264     3264 1.410374e+07   1.707152e+06   561.977 (  2496      0)   474.054 (  1535      0)
F2010-CICE.ne30pg2_ne30pg2.51
"CPL:RUN_LOOP"                            -       3264     3264 1.410048e+07   1.641697e+06   503.019 (     0      0)   502.930 (   855      0)
"CPL:ICE_RUN"                             -       3264     3264 1.410048e+07   1.285903e+04     5.590 (  3121      0)     3.103 (   458      0)
"CPL:LND_RUN"                             -       3264     3264 1.410048e+07   3.096802e+04    18.292 (    91      0)     6.179 (  3244      0)
"CPL:ATM_RUN"                             -       3264     3264 1.410048e+07   1.434948e+06   462.170 (  1323      0)   410.874 (  2811      0)
"CPL:OCNT_RUN"                            -       3264     3264 1.409722e+07   1.440407e+03     0.859 (     0      0)     0.403 (  1618      0)
"a:CAM_run2"                              -       3264     3264 1.410374e+07   2.325230e+05    76.015 (   192      0)    62.644 (  2537      0)
"a:CAM_run3"                              -       3264     3264 1.410374e+07   3.092501e+05   100.534 (   380      0)    89.737 (  2142      0)
"a:PAT_remap"                             -       3264     3264 1.410374e+07   1.171533e+05    39.648 (  2575      0)    31.798 (  2951      0)
"a:CAM_run4"                              -       3264     3264 1.410374e+07   7.943946e+03     2.831 (  2304      0)     2.379 (    15      0)
"a:CAM_run1"                              -       3264     3264 1.410374e+07   8.837887e+05   294.481 (  2644      0)   241.270 (  1085      0)
FC5AV1C-L.ne30_ne30.57
"CPL:RUN_LOOP"                                3648     3648 1.575936e+07   3.702007e+06  1014.863 (  1984      0)  1014.771 (   651      0)
"CPL:ICE_RUN"                                 3648     3648 1.575936e+07   1.599220e+04     5.887 (   378      0)     3.663 (  2826      0)
"CPL:LND_RUN"                                 3648     3648 1.575936e+07   3.882470e+04    14.375 (  1052      0)     7.305 (  2303      0)
"CPL:ATM_RUN"                                 3648     3648 1.575936e+07   3.399054e+06   973.439 (   479      0)   905.654 (   352      0)
"CPL:OCNT_RUN"                                3648     3648 1.575571e+07   1.713851e+03     0.594 (     0      0)     0.410 (   792      0)
"a:CAM_run2"                                  3648     3648 1.576301e+07   3.765790e+05   109.145 (    36      0)    94.058 (  2774      0)
"a:CAM_run3"                                  3648     3648 1.576301e+07   1.219070e+06   362.709 (   129      0)   303.567 (  2881      0)
"a:PAT_remap"                                 3648     3648 9.457805e+07   7.127281e+05   278.608 (   128      0)   117.541 (  2659      0)
"a:CAM_run4"                                  3648     3648 1.576301e+07   1.420314e+04     4.730 (  3456      0)     3.820 (     9      0)
"a:CAM_run1"                                  3648     3648 1.576301e+07   1.787625e+06   551.040 (  1944      0)   442.669 (   352      0)
F2010-CICE.ne30pg2_ne30pg2.57
"CPL:RUN_LOOP"                            -       3648     3648 1.575936e+07   1.682353e+06   461.201 (     0      0)   461.159 (   392      0)
"CPL:ICE_RUN"                             -       3648     3648 1.575936e+07   1.491039e+04     4.902 (  3253      0)     3.205 (  3641      0)
"CPL:LND_RUN"                             -       3648     3648 1.575936e+07   3.489319e+04    13.653 (   667      0)     6.907 (  2491      0)
"CPL:ATM_RUN"                             -       3648     3648 1.575936e+07   1.501047e+06   423.100 (  2970      0)   380.199 (  2815      0)
"CPL:OCNT_RUN"                            -       3648     3648 1.575571e+07   1.652518e+03     1.071 (     0      0)     0.410 (   673      0)
"a:CAM_run2"                              -       3648     3648 1.576301e+07   2.342231e+05    69.972 (  1600      0)    58.510 (  2773      0)
"a:CAM_run3"                              -       3648     3648 1.576301e+07   3.435215e+05    96.415 (   726      0)    90.066 (  1752      0)
"a:PAT_remap"                             -       3648     3648 1.576301e+07   1.317208e+05    41.136 (  2876      0)    31.794 (  2219      0)
"a:CAM_run4"                              -       3648     3648 1.576301e+07   8.445326e+03     2.746 (  2432      0)     2.277 (    33      0)
"a:CAM_run1"                              -       3648     3648 1.576301e+07   9.133823e+05   266.681 (  2970      0)   213.900 (    33      0)
FC5AV1C-L.ne30_ne30.59
"CPL:RUN_LOOP"                                3776     3776 1.631232e+07   3.638016e+06   963.490 (  1341      0)   963.433 (  3209      0)
"CPL:ICE_RUN"                                 3776     3776 1.631232e+07   1.590449e+04     5.626 (  3058      0)     3.332 (  1226      0)
"CPL:LND_RUN"                                 3776     3776 1.631232e+07   4.589197e+04    17.035 (   924      0)     6.910 (  2639      0)
"CPL:ATM_RUN"                                 3776     3776 1.631232e+07   3.379965e+06   916.860 (  1340      0)   857.365 (  2298      0)
"CPL:OCNT_RUN"                                3776     3776 1.630854e+07   1.735288e+03     0.797 (     0      0)     0.414 (  3195      0)
"a:CAM_run2"                                  3776     3776 1.631610e+07   3.797078e+05   104.300 (  1444      0)    96.751 (  3360      0)
"a:CAM_run3"                                  3776     3776 1.631610e+07   1.191008e+06   332.255 (  1092      0)   278.232 (  2203      0)
"a:PAT_remap"                                 3776     3776 9.789658e+07   7.175166e+05   252.178 (   192      0)   114.387 (  2325      0)
"a:CAM_run4"                                  3776     3776 1.631610e+07   1.394326e+04     4.555 (  3264      0)     3.628 (    18      0)
"a:CAM_run1"                                  3776     3776 1.631610e+07   1.793782e+06   521.681 (  2220      0)   421.604 (  1376      0)
F2010-CICE.ne30pg2_ne30pg2.59
"CPL:RUN_LOOP"                            -       3776     3776 1.631232e+07   1.740338e+06   460.942 (     0      0)   460.875 (  2505      0)
"CPL:ICE_RUN"                             -       3776     3776 1.631232e+07   1.747601e+04     5.724 (   160      0)     3.600 (  3613      0)
"CPL:LND_RUN"                             -       3776     3776 1.631232e+07   3.784607e+04    16.773 (  3161      0)     6.517 (   192      0)
"CPL:ATM_RUN"                             -       3776     3776 1.631232e+07   1.531770e+06   421.374 (  3072      0)   378.112 (  3768      0)
"CPL:OCNT_RUN"                            -       3776     3776 1.630854e+07   1.735157e+03     0.863 (     0      0)     0.415 (  1368      0)
"a:CAM_run2"                              -       3776     3776 1.631610e+07   2.384164e+05    69.531 (   320      0)    56.787 (  2842      0)
"a:CAM_run3"                              -       3776     3776 1.631610e+07   3.557240e+05    99.153 (  1102      0)    89.161 (  1624      0)
"a:PAT_remap"                             -       3776     3776 1.631610e+07   1.371852e+05    42.445 (  2025      0)    31.593 (  3463      0)
"a:CAM_run4"                              -       3776     3776 1.631610e+07   8.977902e+03     3.032 (  2560      0)     2.338 (   144      0)
"a:CAM_run1"                              -       3776     3776 1.631610e+07   9.271097e+05   264.500 (  1643      0)   213.824 (   442      0)
FC5AV1C-L.ne30_ne30.68
"CPL:RUN_LOOP"                                4352     4352 1.880064e+07   4.028553e+06   925.727 (  3949      0)   925.665 (  2245      0)
"CPL:ICE_RUN"                                 4352     4352 1.880064e+07   1.875117e+04     5.519 (  4010      0)     3.447 (  2397      0)
"CPL:LND_RUN"                                 4352     4352 1.880064e+07   4.408230e+04    16.155 (  3097      0)     7.488 (  2943      0)
"CPL:ATM_RUN"                                 4352     4352 1.880064e+07   3.671099e+06   884.517 (   192      0)   822.225 (   121      0)
"CPL:OCNT_RUN"                                4352     4352 1.879629e+07   2.154555e+03     0.596 (     0      0)     0.454 (  3100      0)
"a:CAM_run2"                                  4352     4352 1.880499e+07   3.918932e+05    95.269 (   352      0)    85.764 (  2207      0)
"a:CAM_run3"                                  4352     4352 1.880499e+07   1.346328e+06   335.651 (   778      0)   270.926 (  2551      0)
"a:PAT_remap"                                 4352     4352 1.128300e+08   7.563189e+05   255.944 (   772      0)   113.532 (  2280      0)
"a:CAM_run4"                                  4352     4352 1.880499e+07   1.966888e+04     5.730 (  2496      0)     4.308 (   202      0)
"a:CAM_run1"                                  4352     4352 1.880499e+07   1.911258e+06   506.714 (  2829      0)   393.572 (   121      0)
F2010-CICE.ne30pg2_ne30pg2.68
"CPL:RUN_LOOP"                            -       4352     4352 1.880064e+07   1.851927e+06   425.612 (     0      0)   425.507 (     1      0)
"CPL:ICE_RUN"                             -       4352     4352 1.880064e+07   1.670671e+04     4.952 (  3575      0)     2.993 (  4344      0)
"CPL:LND_RUN"                             -       4352     4352 1.880064e+07   3.777275e+04    11.160 (    25      0)     6.339 (  3210      0)
"CPL:ATM_RUN"                             -       4352     4352 1.880064e+07   1.646577e+06   390.818 (  3855      0)   345.118 (  2912      0)
"CPL:OCNT_RUN"                            -       4352     4352 1.879629e+07   1.994105e+03     0.846 (     0      0)     0.428 (   971      0)
"a:CAM_run2"                              -       4352     4352 1.880499e+07   2.468390e+05    64.580 (   768      0)    52.818 (  2230      0)
"a:CAM_run3"                              -       4352     4352 1.880499e+07   4.063551e+05    95.778 (   129      0)    88.993 (  1048      0)
"a:PAT_remap"                             -       4352     4352 1.880499e+07   1.616937e+05    47.135 (  4351      0)    31.065 (  1079      0)
"a:CAM_run4"                              -       4352     4352 1.880499e+07   1.185052e+04     3.184 (  2240      0)     2.642 (   136      0)
"a:CAM_run1"                              -       4352     4352 1.880499e+07   9.795844e+05   240.419 (  3859      0)   187.141 (   621      0)
FC5AV1C-L.ne30_ne30.70
"CPL:RUN_LOOP"                                4480     4480 1.935360e+07   4.033065e+06   900.268 (  2271      0)   900.212 (  2433      0)
"CPL:ICE_RUN"                                 4480     4480 1.935360e+07   1.882086e+04     5.554 (   676      0)     3.491 (  2650      0)
"CPL:LND_RUN"                                 4480     4480 1.935360e+07   3.942901e+04    12.469 (  2577      0)     5.988 (  2495      0)
"CPL:ATM_RUN"                                 4480     4480 1.935360e+07   3.734391e+06   863.370 (  1536      0)   792.506 (  3880      0)
"CPL:OCNT_RUN"                                4480     4480 1.934912e+07   2.235202e+03     0.594 (     0      0)     0.454 (  2418      0)
"a:CAM_run2"                                  4480     4480 1.935808e+07   4.002887e+05    94.249 (   896      0)    85.035 (  4469      0)
"a:CAM_run3"                                  4480     4480 1.935808e+07   1.373321e+06   336.229 (   801      0)   270.744 (  2679      0)
"a:PAT_remap"                                 4480     4480 1.161485e+08   7.555729e+05   256.940 (   772      0)   112.224 (  2408      0)
"a:CAM_run4"                                  4480     4480 1.935808e+07   1.895142e+04     5.250 (  4224      0)     4.019 (   270      0)
"a:CAM_run1"                                  4480     4480 1.935808e+07   1.939709e+06   483.839 (  2553      0)   369.575 (   850      0)
F2010-CICE.ne30pg2_ne30pg2.70
"CPL:RUN_LOOP"                            -       4480     4480 1.935360e+07   1.923435e+06   429.397 (     0      0)   429.318 (   801      0)
"CPL:ICE_RUN"                             -       4480     4480 1.935360e+07   1.806528e+04     5.762 (  3772      0)     2.937 (  4441      0)
"CPL:LND_RUN"                             -       4480     4480 1.935360e+07   3.939331e+04    13.944 (  3885      0)     5.981 (   159      0)
"CPL:ATM_RUN"                             -       4480     4480 1.935360e+07   1.682966e+06   391.546 (   320      0)   346.639 (  1983      0)
"CPL:OCNT_RUN"                            -       4480     4480 1.934912e+07   2.083634e+03     0.910 (     0      0)     0.429 (  3876      0)
"a:CAM_run2"                              -       4480     4480 1.935808e+07   2.493990e+05    64.092 (   192      0)    50.917 (  1991      0)
"a:CAM_run3"                              -       4480     4480 1.935808e+07   4.278957e+05   100.590 (   755      0)    91.887 (  3933      0)
"a:PAT_remap"                             -       4480     4480 1.935808e+07   1.762656e+05    48.928 (  4479      0)    32.837 (  1232      0)
"a:CAM_run4"                              -       4480     4480 1.935808e+07   1.421998e+04     3.675 (  3264      0)     3.088 (   370      0)
"a:CAM_run1"                              -       4480     4480 1.935808e+07   9.894563e+05   237.878 (  1893      0)   185.415 (   621      0)
FC5AV1C-L.ne30_ne30.85
"CPL:RUN_LOOP"                                5440     5440 2.350080e+07   3.736182e+06   686.829 (  3135      0)   686.759 (  1798      0)
"CPL:ICE_RUN"                                 5440     5440 2.350080e+07   2.744107e+04     6.125 (  4837      0)     4.331 (  1724      0)
"CPL:LND_RUN"                                 5440     5440 2.350080e+07   5.591875e+04    16.076 (   960      0)     6.581 (  5423      0)
"CPL:ATM_RUN"                                 5440     5440 2.350080e+07   3.378064e+06   639.123 (  4096      0)   579.226 (  5041      0)
"CPL:OCNT_RUN"                                5440     5440 2.349536e+07   2.961650e+03     0.673 (  5002      0)     0.484 (  2261      0)
"a:CAM_run2"                                  5440     5440 2.350624e+07   3.894464e+05    73.399 (  4548      0)    62.607 (  5437      0)
"a:CAM_run3"                                  5440     5440 2.350624e+07   1.062557e+06   201.883 (  1530      0)     0.005 (  5433      0)
"a:PAT_remap"                                 5400     5400 1.400004e+08   7.381535e+05   151.709 (  5018      0)   119.595 (  5102      0)
"a:CAM_run4"                                  5440     5440 2.350624e+07   2.209934e+04     5.015 (  2368      0)     3.947 (   399      0)
"a:CAM_run1"                                  5440     5440 2.350624e+07   1.901592e+06   529.803 (  5407      0)   303.573 (  5041      0)
F2010-CICE.ne30pg2_ne30pg2.85
"CPL:RUN_LOOP"                            -       5440     5440 2.350080e+07   1.812263e+06   333.208 (     0      0)   333.102 (     1      0)
"CPL:ICE_RUN"                             -       5440     5440 2.350080e+07   2.161398e+04     5.247 (  5344      0)     3.112 (  5433      0)
"CPL:LND_RUN"                             -       5440     5440 2.350080e+07   4.688044e+04    12.175 (   140      0)     6.118 (  5023      0)
"CPL:ATM_RUN"                             -       5440     5440 2.350080e+07   1.557187e+06   298.344 (  1633      0)   255.055 (  5415      0)
"CPL:OCNT_RUN"                            -       5440     5440 2.349536e+07   2.932375e+03     1.061 (     0      0)     0.493 (   755      0)
"a:CAM_run2"                              -       5440     5440 2.350624e+07   2.506733e+05    47.931 (  4544      0)    31.142 (  5413      0)
"a:CAM_run3"                              -       5440     5440 2.350624e+07   3.056638e+05    58.534 (  1385      0)     0.005 (  5405      0)
"a:PAT_remap"                             -       5400     5400 2.333340e+07   1.172357e+05    22.874 (  2191      0)    20.083 (  1636      0)
"a:CAM_run4"                              -       5440     5440 2.350624e+07   1.426120e+04     3.068 (  4800      0)     2.564 (    10      0)
"a:CAM_run1"                              -       5440     5440 2.350624e+07   9.840614e+05   228.067 (  5407      0)   152.753 (  3439      0)
